100
0 0 3
0 1 3
0 2 3
0 3 9
0 4 3
0 5 8
0 6 5
0 7 9
0 8 2
0 9 9
0 10 3
0 11 7
0 12 8
0 13 2
0 14 4
0 15 6
0 16 4
0 17 9
0 18 9
0 19 7
0 20 4
0 21 4
0 22 2
0 23 1
0 24 3
0 25 5
0 26 9
0 27 1
0 28 1
0 29 9
0 30 6
0 31 2
0 32 3
0 33 8
0 34 9
0 35 8
0 36 3
0 37 8
0 38 9
0 39 2
0 40 6
0 41 5
0 42 5
0 43 3
0 44 3
0 45 9
0 46 7
0 47 8
0 48 8
0 49 2
0 50 9
0 51 8
0 52 5
0 53 1
0 54 1
0 55 8
0 56 5
0 57 7
0 58 8
0 59 6
0 60 4
0 61 5
0 62 4
0 63 9
0 64 2
0 65 7
0 66 9
0 67 4
0 68 6
0 69 1
0 70 3
0 71 6
0 72 8
0 73 3
0 74 4
0 75 9
0 76 3
0 77 4
0 78 5
0 79 9
0 80 6
0 81 3
0 82 8
0 83 3
0 84 8
0 85 6
0 86 2
0 87 8
0 88 7
0 89 2
0 90 6
0 91 2
0 92 9
0 93 7
0 94 5
0 95 1
0 96 2
0 97 2
0 98 2
0 99 8
1 0 7
1 1 5
1 2 7
1 3 7
1 4 5
1 5 8
1 6 8
1 7 1
1 8 7
1 9 3
1 10 1
1 11 8
1 12 2
1 13 7
1 14 2
1 15 2
1 16 7
1 17 9
1 18 1
1 19 3
1 20 1
1 21 5
1 22 3
1 23 4
1 24 9
1 25 9
1 26 7
1 27 3
1 28 6
1 29 2
1 30 1
1 31 7
1 32 8
1 33 3
1 34 5
1 35 5
1 36 2
1 37 6
1 38 3
1 39 7
1 40 2
1 41 8
1 42 7
1 43 9
1 44 8
1 45 9
1 46 6
1 47 2
1 48 7
1 49 1
1 50 3
1 51 9
1 52 6
1 53 8
1 54 8
1 55 8
1 56 4
1 57 7
1 58 5
1 59 9
1 60 7
1 61 8
1 62 3
1 63 1
1 64 8
1 65 4
1 66 7
1 67 7
1 68 2
1 69 7
1 70 6
1 71 2
1 72 6
1 73 9
1 74 2
1 75 6
1 76 2
1 77 8
1 78 1
1 79 7
1 80 3
1 81 3
1 82 7
1 83 3
1 84 9
1 85 5
1 86 4
1 87 7
1 88 1
1 89 3
1 90 7
1 91 2
1 92 3
1 93 4
1 94 9
1 95 1
1 96 2
1 97 5
1 98 8
1 99 4
2 0 6
2 1 2
2 2 4
2 3 1
2 4 6
2 5 3
2 6 3
2 7 7
2 8 9
2 9 3
2 10 2
2 11 4
2 12 3
2 13 9
2 14 1
2 15 3
2 16 2
2 17 9
2 18 9
2 19 5
2 20 7
2 21 3
2 22 2
2 23 1
2 24 5
2 25 1
2 26 4
2 27 3
2 28 9
2 29 5
2 30 6
2 31 4
2 32 1
2 33 1
2 34 8
2 35 6
2 36 6
2 37 1
2 38 2
2 39 6
2 40 4
2 41 5
2 42 5
2 43 2
2 44 7
2 45 4
2 46 3
2 47 9
2 48 3
2 49 7
2 50 5
2 51 3
2 52 5
2 53 3
2 54 9
2 55 3
2 56 3
2 57 4
2 58 7
2 59 5
2 60 1
2 61 1
2 62 1
2 63 3
2 64 1
2 65 5
2 66 1
2 67 6
2 68 6
2 69 3
2 70 2
2 71 5
2 72 6
2 73 2
2 74 8
2 75 5
2 76 7
2 77 8
2 78 7
2 79 2
2 80 6
2 81 7
2 82 2
2 83 1
2 84 7
2 85 6
2 86 9
2 87 6
2 88 2
2 89 7
2 90 4
2 91 5
2 92 5
2 93 8
2 94 3
2 95 5
2 96 8
2 97 5
2 98 2
2 99 4
3 0 3
3 1 1
3 2 5
3 3 2
3 4 9
3 5 8
3 6 2
3 7 5
3 8 9
3 9 1
3 10 3
3 11 5
3 12 4
3 13 8
3 14 8
3 15 3
3 16 1
3 17 4
3 18 7
3 19 1
3 20 8
3 21 7
3 22 3
3 23 6
3 24 5
3 25 9
3 26 8
3 27 8
3 28 2
3 29 5
3 30 2
3 31 1
3 32 7
3 33 8
3 34 2
3 35 1
3 36 5
3 37 6
3 38 7
3 39 9
3 40 1
3 41 6
3 42 1
3 43 3
3 44 7
3 45 8
3 46 8
3 47 8
3 48 8
3 49 1
3 50 4
3 51 2
3 52 8
3 53 9
3 54 4
3 55 4
3 56 3
3 57 4
3 58 4
3 59 7
3 60 1
3 61 1
3 62 5
3 63 2
3 64 8
3 65 8
3 66 4
3 67 2
3 68 6
3 69 8
3 70 7
3 71 7
3 72 2
3 73 4
3 74 6
3 75 3
3 76 2
3 77 4
3 78 5
3 79 5
3 80 9
3 81 6
3 82 1
3 83 4
3 84 5
3 85 6
3 86 6
3 87 3
3 88 8
3 89 7
3 90 8
3 91 6
3 92 6
3 93 4
3 94 4
3 95 2
3 96 3
3 97 4
3 98 3
3 99 8
4 0 6
4 1 2
4 2 7
4 3 6
4 4 5
4 5 6
4 6 4
4 7 3
4 8 5
4 9 2
4 10 4
4 11 4
4 12 4
4 13 2
4 14 1
4 15 9
4 16 8
4 17 3
4 18 5
4 19 7
4 20 5
4 21 8
4 22 6
4 23 1
4 24 4
4 25 6
4 26 2
4 27 2
4 28 3
4 29 7
4 30 6
4 31 5
4 32 4
4 33 3
4 34 8
4 35 8
4 36 1
4 37 5
4 38 6
4 39 8
4 40 3
4 41 8
4 42 5
4 43 5
4 44 7
4 45 1
4 46 2
4 47 7
4 48 9
4 49 3
4 50 4
4 51 2
4 52 6
4 53 2
4 54 8
4 55 3
4 56 2
4 57 4
4 58 9
4 59 4
4 60 4
4 61 4
4 62 4
4 63 2
4 64 5
4 65 6
4 66 4
4 67 6
4 68 4
4 69 2
4 70 8
4 71 6
4 72 2
4 73 6
4 74 2
4 75 3
4 76 5
4 77 3
4 78 8
4 79 3
4 80 6
4 81 7
4 82 4
4 83 2
4 84 8
4 85 3
4 86 3
4 87 9
4 88 3
4 89 2
4 90 2
4 91 3
4 92 3
4 93 3
4 94 1
4 95 9
4 96 1
4 97 4
4 98 2
4 99 3
5 0 5
5 1 3
5 2 8
5 3 1
5 4 3
5 5 3
5 6 4
5 7 7
5 8 8
5 9 2
5 10 6
5 11 1
5 12 6
5 13 4
5 14 4
5 15 2
5 16 9
5 17 3
5 18 6
5 19 8
5 20 7
5 21 2
5 22 1
5 23 7
5 24 2
5 25 2
5 26 2
5 27 7
5 28 2
5 29 8
5 30 4
5 31 1
5 32 9
5 33 8
5 34 2
5 35 6
5 36 2
5 37 7
5 38 1
5 39 5
5 40 1
5 41 8
5 42 5
5 43 4
5 44 4
5 45 6
5 46 4
5 47 1
5 48 3
5 49 1
5 50 4
5 51 8
5 52 8
5 53 7
5 54 9
5 55 7
5 56 6
5 57 6
5 58 8
5 59 3
5 60 8
5 61 6
5 62 7
5 63 1
5 64 2
5 65 3
5 66 7
5 67 7
5 68 6
5 69 3
5 70 8
5 71 5
5 72 6
5 73 8
5 74 4
5 75 7
5 76 8
5 77 2
5 78 1
5 79 4
5 80 3
5 81 9
5 82 1
5 83 9
5 84 2
5 85 2
5 86 5
5 87 7
5 88 9
5 89 1
5 90 6
5 91 7
5 92 6
5 93 8
5 94 7
5 95 1
5 96 5
5 97 5
5 98 8
5 99 5
6 0 6
6 1 9
6 2 6
6 3 3
6 4 6
6 5 3
6 6 9
6 7 2
6 8 2
6 9 1
6 10 5
6 11 4
6 12 4
6 13 7
6 14 1
6 15 1
6 16 6
6 17 8
6 18 2
6 19 4
6 20 4
6 21 8
6 22 4
6 23 5
6 24 8
6 25 7
6 26 3
6 27 3
6 28 8
6 29 1
6 30 6
6 31 6
6 32 6
6 33 7
6 34 4
6 35 3
6 36 2
6 37 3
6 38 9
6 39 4
6 40 4
6 41 6
6 42 3
6 43 7
6 44 8
6 45 7
6 46 2
6 47 5
6 48 6
6 49 9
6 50 9
6 51 7
6 52 7
6 53 3
6 54 5
6 55 1
6 56 9
6 57 1
6 58 8
6 59 9
6 60 1
6 61 1
6 62 1
6 63 2
6 64 7
6 65 6
6 66 9
6 67 3
6 68 9
6 69 8
6 70 5
6 71 1
6 72 9
6 73 1
6 74 6
6 75 3
6 76 2
6 77 4
6 78 9
6 79 2
6 80 9
6 81 3
6 82 7
6 83 6
6 84 3
6 85 4
6 86 6
6 87 1
6 88 5
6 89 8
6 90 9
6 91 2
6 92 2
6 93 9
6 94 1
6 95 7
6 96 3
6 97 2
6 98 7
6 99 1
7 0 5
7 1 4
7 2 1
7 3 3
7 4 9
7 5 1
7 6 4
7 7 8
7 8 9
7 9 6
7 10 9
7 11 3
7 12 4
7 13 2
7 14 8
7 15 3
7 16 8
7 17 9
7 18 9
7 19 9
7 20 6
7 21 7
7 22 7
7 23 8
7 24 2
7 25 2
7 26 9
7 27 2
7 28 5
7 29 8
7 30 2
7 31 9
7 32 4
7 33 5
7 34 5
7 35 1
7 36 6
7 37 3
7 38 3
7 39 9
7 40 2
7 41 1
7 42 2
7 43 8
7 44 8
7 45 6
7 46 4
7 47 9
7 48 2
7 49 5
7 50 5
7 51 4
7 52 4
7 53 3
7 54 9
7 55 5
7 56 9
7 57 4
7 58 4
7 59 6
7 60 9
7 61 3
7 62 2
7 63 4
7 64 6
7 65 8
7 66 3
7 67 7
7 68 9
7 69 9
7 70 4
7 71 8
7 72 8
7 73 8
7 74 9
7 75 9
7 76 8
7 77 4
7 78 7
7 79 3
7 80 8
7 81 7
7 82 2
7 83 8
7 84 2
7 85 1
7 86 4
7 87 6
7 88 7
7 89 8
7 90 3
7 91 8
7 92 1
7 93 9
7 94 8
7 95 1
7 96 4
7 97 2
7 98 7
7 99 8
8 0 2
8 1 4
8 2 1
8 3 6
8 4 6
8 5 6
8 6 2
8 7 2
8 8 1
8 9 8
8 10 2
8 11 3
8 12 5
8 13 2
8 14 6
8 15 1
8 16 3
8 17 3
8 18 7
8 19 7
8 20 9
8 21 4
8 22 3
8 23 9
8 24 6
8 25 3
8 26 4
8 27 8
8 28 4
8 29 9
8 30 3
8 31 1
8 32 7
8 33 9
8 34 8
8 35 9
8 36 1
8 37 6
8 38 5
8 39 7
8 40 9
8 41 8
8 42 6
8 43 5
8 44 8
8 45 2
8 46 3
8 47 8
8 48 2
8 49 5
8 50 8
8 51 3
8 52 5
8 53 8
8 54 6
8 55 9
8 56 2
8 57 6
8 58 5
8 59 7
8 60 5
8 61 2
8 62 2
8 63 3
8 64 5
8 65 5
8 66 1
8 67 8
8 68 1
8 69 8
8 70 9
8 71 7
8 72 9
8 73 9
8 74 3
8 75 1
8 76 2
8 77 7
8 78 9
8 79 8
8 80 2
8 81 6
8 82 1
8 83 6
8 84 3
8 85 7
8 86 4
8 87 3
8 88 5
8 89 4
8 90 8
8 91 6
8 92 7
8 93 9
8 94 7
8 95 4
8 96 3
8 97 3
8 98 9
8 99 6
9 0 9
9 1 2
9 2 6
9 3 2
9 4 4
9 5 1
9 6 8
9 7 4
9 8 6
9 9 6
9 10 8
9 11 3
9 12 9
9 13 2
9 14 1
9 15 7
9 16 6
9 17 6
9 18 6
9 19 9
9 20 1
9 21 5
9 22 5
9 23 8
9 24 9
9 25 7
9 26 1
9 27 6
9 28 4
9 29 4
9 30 6
9 31 9
9 32 9
9 33 8
9 34 9
9 35 6
9 36 9
9 37 4
9 38 9
9 39 5
9 40 6
9 41 7
9 42 7
9 43 2
9 44 6
9 45 7
9 46 7
9 47 1
9 48 7
9 49 7
9 50 5
9 51 7
9 52 7
9 53 4
9 54 3
9 55 1
9 56 5
9 57 4
9 58 5
9 59 2
9 60 6
9 61 6
9 62 5
9 63 8
9 64 4
9 65 9
9 66 1
9 67 8
9 68 6
9 69 8
9 70 6
9 71 2
9 72 2
9 73 5
9 74 4
9 75 2
9 76 8
9 77 8
9 78 1
9 79 9
9 80 2
9 81 8
9 82 7
9 83 7
9 84 7
9 85 7
9 86 9
9 87 8
9 88 2
9 89 7
9 90 1
9 91 7
9 92 9
9 93 7
9 94 7
9 95 2
9 96 2
9 97 6
9 98 2
9 99 6
10 0 1
10 1 2
10 2 1
10 3 2
10 4 6
10 5 9
10 6 1
10 7 8
10 8 8
10 9 9
10 10 1
10 11 7
10 12 8
10 13 8
10 14 6
10 15 2
10 16 6
10 17 6
10 18 5
10 19 7
10 20 7
10 21 6
10 22 3
10 23 5
10 24 8
10 25 3
10 26 8
10 27 5
10 28 1
10 29 1
10 30 5
10 31 4
10 32 3
10 33 8
10 34 2
10 35 2
10 36 4
10 37 6
10 38 2
10 39 6
10 40 4
10 41 7
10 42 1
10 43 6
10 44 5
10 45 6
10 46 3
10 47 6
10 48 4
10 49 5
10 50 8
10 51 1
10 52 6
10 53 4
10 54 1
10 55 6
10 56 1
10 57 5
10 58 5
10 59 7
10 60 6
10 61 7
10 62 3
10 63 4
10 64 2
10 65 1
10 66 3
10 67 1
10 68 8
10 69 6
10 70 2
10 71 2
10 72 4
10 73 2
10 74 6
10 75 2
10 76 7
10 77 3
10 78 8
10 79 4
10 80 5
10 81 4
10 82 3
10 83 9
10 84 4
10 85 6
10 86 3
10 87 4
10 88 4
10 89 3
10 90 4
10 91 5
10 92 3
10 93 6
10 94 4
10 95 2
10 96 4
10 97 7
10 98 5
10 99 6
11 0 5
11 1 7
11 2 2
11 3 1
11 4 8
11 5 2
11 6 9
11 7 2
11 8 9
11 9 8
11 10 8
11 11 3
11 12 3
11 13 8
11 14 3
11 15 7
11 16 9
11 17 5
11 18 7
11 19 2
11 20 2
11 21 7
11 22 8
11 23 7
11 24 5
11 25 2
11 26 4
11 27 3
11 28 2
11 29 1
11 30 8
11 31 6
11 32 2
11 33 8
11 34 1
11 35 7
11 36 2
11 37 6
11 38 4
11 39 1
11 40 3
11 41 7
11 42 7
11 43 5
11 44 8
11 45 1
11 46 8
11 47 8
11 48 5
11 49 5
11 50 6
11 51 6
11 52 4
11 53 8
11 54 9
11 55 2
11 56 9
11 57 7
11 58 9
11 59 8
11 60 2
11 61 4
11 62 9
11 63 1
11 64 3
11 65 9
11 66 1
11 67 4
11 68 5
11 69 3
11 70 5
11 71 9
11 72 6
11 73 3
11 74 6
11 75 8
11 76 9
11 77 3
11 78 8
11 79 4
11 80 8
11 81 4
11 82 7
11 83 3
11 84 5
11 85 9
11 86 9
11 87 8
11 88 2
11 89 6
11 90 5
11 91 1
11 92 6
11 93 7
11 94 2
11 95 6
11 96 6
11 97 8
11 98 2
11 99 5
12 0 3
12 1 3
12 2 5
12 3 7
12 4 3
12 5 4
12 6 9
12 7 1
12 8 4
12 9 8
12 10 6
12 11 1
12 12 5
12 13 9
12 14 7
12 15 7
12 16 7
12 17 5
12 18 4
12 19 6
12 20 8
12 21 1
12 22 6
12 23 5
12 24 5
12 25 4
12 26 9
12 27 4
12 28 5
12 29 3
12 30 5
12 31 5
12 32 4
12 33 4
12 34 7
12 35 9
12 36 4
12 37 1
12 38 1
12 39 6
12 40 8
12 41 8
12 42 7
12 43 3
12 44 1
12 45 8
12 46 7
12 47 2
12 48 6
12 49 1
12 50 6
12 51 9
12 52 4
12 53 1
12 54 8
12 55 4
12 56 3
12 57 1
12 58 2
12 59 1
12 60 4
12 61 1
12 62 7
12 63 4
12 64 8
12 65 6
12 66 1
12 67 1
12 68 1
12 69 6
12 70 6
12 71 7
12 72 8
12 73 4
12 74 8
12 75 2
12 76 7
12 77 4
12 78 4
12 79 9
12 80 8
12 81 7
12 82 1
12 83 6
12 84 7
12 85 1
12 86 3
12 87 1
12 88 6
12 89 9
12 90 9
12 91 9
12 92 3
12 93 8
12 94 9
12 95 2
12 96 7
12 97 8
12 98 5
12 99 6
13 0 7
13 1 8
13 2 5
13 3 1
13 4 2
13 5 6
13 6 6
13 7 4
13 8 7
13 9 5
13 10 2
13 11 4
13 12 3
13 13 7
13 14 2
13 15 9
13 16 9
13 17 6
13 18 8
13 19 9
13 20 7
13 21 2
13 22 1
13 23 4
13 24 5
13 25 8
13 26 5
13 27 1
13 28 7
13 29 1
13 30 8
13 31 1
13 32 1
13 33 7
13 34 7
13 35 9
13 36 5
13 37 6
13 38 5
13 39 1
13 40 7
13 41 8
13 42 5
13 43 2
13 44 1
13 45 8
13 46 4
13 47 7
13 48 8
13 49 2
13 50 3
13 51 5
13 52 4
13 53 5
13 54 5
13 55 4
13 56 5
13 57 8
13 58 1
13 59 9
13 60 6
13 61 5
13 62 6
13 63 6
13 64 2
13 65 1
13 66 8
13 67 3
13 68 6
13 69 8
13 70 5
13 71 2
13 72 1
13 73 9
13 74 8
13 75 8
13 76 4
13 77 9
13 78 7
13 79 7
13 80 6
13 81 2
13 82 3
13 83 4
13 84 7
13 85 4
13 86 4
13 87 1
13 88 9
13 89 5
13 90 7
13 91 7
13 92 9
13 93 9
13 94 8
13 95 1
13 96 3
13 97 6
13 98 4
13 99 8
14 0 5
14 1 7
14 2 7
14 3 4
14 4 6
14 5 2
14 6 2
14 7 8
14 8 3
14 9 1
14 10 6
14 11 4
14 12 7
14 13 2
14 14 6
14 15 2
14 16 9
14 17 1
14 18 4
14 19 3
14 20 8
14 21 2
14 22 8
14 23 7
14 24 2
14 25 2
14 26 4
14 27 4
14 28 9
14 29 4
14 30 4
14 31 7
14 32 8
14 33 2
14 34 2
14 35 8
14 36 5
14 37 7
14 38 4
14 39 1
14 40 5
14 41 9
14 42 7
14 43 9
14 44 6
14 45 7
14 46 9
14 47 4
14 48 7
14 49 8
14 50 4
14 51 5
14 52 3
14 53 3
14 54 7
14 55 9
14 56 5
14 57 7
14 58 1
14 59 1
14 60 7
14 61 1
14 62 3
14 63 1
14 64 6
14 65 4
14 66 9
14 67 2
14 68 3
14 69 3
14 70 1
14 71 8
14 72 5
14 73 8
14 74 9
14 75 2
14 76 3
14 77 2
14 78 5
14 79 1
14 80 2
14 81 2
14 82 7
14 83 8
14 84 9
14 85 6
14 86 8
14 87 7
14 88 5
14 89 6
14 90 9
14 91 3
14 92 4
14 93 9
14 94 3
14 95 5
14 96 3
14 97 2
14 98 9
14 99 1
15 0 8
15 1 4
15 2 6
15 3 3
15 4 9
15 5 6
15 6 6
15 7 4
15 8 6
15 9 2
15 10 3
15 11 4
15 12 6
15 13 2
15 14 6
15 15 6
15 16 6
15 17 1
15 18 3
15 19 4
15 20 5
15 21 7
15 22 5
15 23 9
15 24 4
15 25 6
15 26 3
15 27 4
15 28 8
15 29 5
15 30 8
15 31 9
15 32 3
15 33 1
15 34 2
15 35 7
15 36 3
15 37 7
15 38 4
15 39 8
15 40 7
15 41 4
15 42 1
15 43 1
15 44 4
15 45 3
15 46 7
15 47 2
15 48 8
15 49 2
15 50 2
15 51 9
15 52 9
15 53 3
15 54 3
15 55 9
15 56 6
15 57 2
15 58 5
15 59 6
15 60 3
15 61 4
15 62 8
15 63 2
15 64 2
15 65 1
15 66 6
15 67 4
15 68 8
15 69 8
15 70 3
15 71 4
15 72 7
15 73 3
15 74 5
15 75 4
15 76 1
15 77 3
15 78 2
15 79 1
15 80 4
15 81 7
15 82 2
15 83 7
15 84 1
15 85 2
15 86 2
15 87 6
15 88 1
15 89 4
15 90 1
15 91 6
15 92 4
15 93 8
15 94 9
15 95 4
15 96 4
15 97 8
15 98 8
15 99 4
16 0 1
16 1 9
16 2 9
16 3 3
16 4 2
16 5 2
16 6 7
16 7 2
16 8 7
16 9 3
16 10 9
16 11 5
16 12 7
16 13 1
16 14 3
16 15 5
16 16 7
16 17 9
16 18 2
16 19 8
16 20 6
16 21 9
16 22 3
16 23 1
16 24 8
16 25 5
16 26 3
16 27 7
16 28 1
16 29 5
16 30 3
16 31 3
16 32 4
16 33 7
16 34 5
16 35 2
16 36 3
16 37 3
16 38 9
16 39 7
16 40 3
16 41 5
16 42 6
16 43 3
16 44 4
16 45 1
16 46 5
16 47 1
16 48 7
16 49 7
16 50 2
16 51 6
16 52 7
16 53 1
16 54 3
16 55 2
16 56 1
16 57 7
16 58 5
16 59 1
16 60 5
16 61 8
16 62 7
16 63 9
16 64 4
16 65 6
16 66 5
16 67 9
16 68 6
16 69 3
16 70 6
16 71 1
16 72 7
16 73 5
16 74 3
16 75 2
16 76 5
16 77 3
16 78 5
16 79 8
16 80 7
16 81 5
16 82 3
16 83 8
16 84 7
16 85 2
16 86 1
16 87 4
16 88 2
16 89 1
16 90 7
16 91 9
16 92 1
16 93 6
16 94 2
16 95 9
16 96 3
16 97 1
16 98 6
16 99 6
17 0 6
17 1 6
17 2 5
17 3 9
17 4 2
17 5 7
17 6 1
17 7 4
17 8 6
17 9 1
17 10 8
17 11 3
17 12 7
17 13 5
17 14 1
17 15 9
17 16 3
17 17 1
17 18 7
17 19 4
17 20 1
17 21 5
17 22 9
17 23 3
17 24 4
17 25 2
17 26 3
17 27 3
17 28 4
17 29 9
17 30 4
17 31 7
17 32 2
17 33 2
17 34 6
17 35 7
17 36 8
17 37 1
17 38 8
17 39 4
17 40 1
17 41 9
17 42 5
17 43 8
17 44 3
17 45 1
17 46 4
17 47 2
17 48 9
17 49 2
17 50 8
17 51 8
17 52 1
17 53 5
17 54 1
17 55 9
17 56 5
17 57 5
17 58 6
17 59 4
17 60 9
17 61 1
17 62 1
17 63 4
17 64 1
17 65 1
17 66 2
17 67 2
17 68 1
17 69 9
17 70 6
17 71 5
17 72 9
17 73 5
17 74 2
17 75 4
17 76 8
17 77 7
17 78 2
17 79 1
17 80 4
17 81 2
17 82 2
17 83 6
17 84 7
17 85 1
17 86 6
17 87 8
17 88 8
17 89 9
17 90 8
17 91 9
17 92 5
17 93 8
17 94 5
17 95 1
17 96 8
17 97 2
17 98 3
17 99 9
18 0 9
18 1 3
18 2 4
18 3 1
18 4 2
18 5 5
18 6 6
18 7 5
18 8 5
18 9 3
18 10 7
18 11 6
18 12 4
18 13 4
18 14 6
18 15 6
18 16 5
18 17 2
18 18 2
18 19 8
18 20 1
18 21 1
18 22 5
18 23 7
18 24 7
18 25 5
18 26 6
18 27 3
18 28 1
18 29 1
18 30 9
18 31 7
18 32 5
18 33 3
18 34 5
18 35 9
18 36 1
18 37 2
18 38 5
18 39 2
18 40 1
18 41 4
18 42 3
18 43 2
18 44 3
18 45 4
18 46 4
18 47 5
18 48 3
18 49 9
18 50 8
18 51 6
18 52 2
18 53 5
18 54 1
18 55 2
18 56 8
18 57 4
18 58 1
18 59 4
18 60 9
18 61 1
18 62 6
18 63 9
18 64 9
18 65 7
18 66 6
18 67 7
18 68 6
18 69 6
18 70 8
18 71 8
18 72 4
18 73 4
18 74 2
18 75 3
18 76 5
18 77 9
18 78 8
18 79 1
18 80 6
18 81 2
18 82 5
18 83 2
18 84 7
18 85 8
18 86 7
18 87 9
18 88 8
18 89 1
18 90 5
18 91 3
18 92 1
18 93 8
18 94 5
18 95 7
18 96 4
18 97 4
18 98 9
18 99 9
19 0 6
19 1 8
19 2 7
19 3 6
19 4 4
19 5 3
19 6 2
19 7 5
19 8 9
19 9 7
19 10 4
19 11 5
19 12 3
19 13 3
19 14 9
19 15 8
19 16 3
19 17 6
19 18 4
19 19 2
19 20 7
19 21 3
19 22 3
19 23 6
19 24 6
19 25 1
19 26 7
19 27 4
19 28 4
19 29 8
19 30 1
19 31 9
19 32 9
19 33 1
19 34 9
19 35 3
19 36 6
19 37 1
19 38 8
19 39 6
19 40 6
19 41 7
19 42 3
19 43 3
19 44 1
19 45 1
19 46 7
19 47 3
19 48 2
19 49 6
19 50 1
19 51 7
19 52 1
19 53 5
19 54 3
19 55 5
19 56 6
19 57 1
19 58 9
19 59 2
19 60 6
19 61 9
19 62 7
19 63 3
19 64 5
19 65 9
19 66 7
19 67 1
19 68 5
19 69 7
19 70 3
19 71 8
19 72 6
19 73 8
19 74 4
19 75 8
19 76 8
19 77 9
19 78 5
19 79 3
19 80 5
19 81 9
19 82 5
19 83 4
19 84 6
19 85 1
19 86 7
19 87 8
19 88 5
19 89 3
19 90 2
19 91 9
19 92 6
19 93 7
19 94 6
19 95 4
19 96 1
19 97 7
19 98 3
19 99 2
20 0 7
20 1 9
20 2 5
20 3 9
20 4 3
20 5 9
20 6 5
20 7 9
20 8 1
20 9 7
20 10 6
20 11 3
20 12 5
20 13 8
20 14 8
20 15 9
20 16 5
20 17 9
20 18 8
20 19 4
20 20 6
20 21 6
20 22 1
20 23 6
20 24 6
20 25 3
20 26 4
20 27 2
20 28 4
20 29 6
20 30 3
20 31 2
20 32 9
20 33 2
20 34 9
20 35 3
20 36 6
20 37 2
20 38 4
20 39 1
20 40 6
20 41 9
20 42 2
20 43 5
20 44 7
20 45 1
20 46 2
20 47 1
20 48 6
20 49 2
20 50 1
20 51 4
20 52 1
20 53 9
20 54 7
20 55 3
20 56 7
20 57 8
20 58 6
20 59 5
20 60 7
20 61 7
20 62 2
20 63 7
20 64 8
20 65 5
20 66 7
20 67 4
20 68 2
20 69 1
20 70 7
20 71 2
20 72 6
20 73 1
20 74 6
20 75 7
20 76 4
20 77 2
20 78 5
20 79 2
20 80 9
20 81 4
20 82 8
20 83 2
20 84 9
20 85 2
20 86 9
20 87 8
20 88 2
20 89 4
20 90 3
20 91 1
20 92 1
20 93 9
20 94 5
20 95 9
20 96 1
20 97 9
20 98 1
20 99 4
21 0 5
21 1 4
21 2 2
21 3 2
21 4 9
21 5 9
21 6 5
21 7 4
21 8 6
21 9 1
21 10 2
21 11 8
21 12 4
21 13 4
21 14 9
21 15 4
21 16 1
21 17 5
21 18 6
21 19 9
21 20 7
21 21 2
21 22 9
21 23 4
21 24 7
21 25 1
21 26 3
21 27 4
21 28 4
21 29 3
21 30 2
21 31 6
21 32 2
21 33 4
21 34 6
21 35 1
21 36 1
21 37 6
21 38 6
21 39 7
21 40 2
21 41 8
21 42 4
21 43 4
21 44 9
21 45 7
21 46 8
21 47 1
21 48 8
21 49 5
21 50 7
21 51 6
21 52 4
21 53 9
21 54 5
21 55 4
21 56 5
21 57 4
21 58 1
21 59 3
21 60 2
21 61 7
21 62 7
21 63 2
21 64 3
21 65 9
21 66 2
21 67 1
21 68 6
21 69 9
21 70 6
21 71 1
21 72 9
21 73 7
21 74 8
21 75 9
21 76 6
21 77 5
21 78 6
21 79 6
21 80 8
21 81 3
21 82 1
21 83 6
21 84 7
21 85 6
21 86 2
21 87 5
21 88 3
21 89 5
21 90 7
21 91 4
21 92 3
21 93 6
21 94 6
21 95 8
21 96 7
21 97 2
21 98 4
21 99 7
22 0 6
22 1 9
22 2 7
22 3 9
22 4 7
22 5 8
22 6 6
22 7 8
22 8 5
22 9 1
22 10 5
22 11 6
22 12 7
22 13 8
22 14 6
22 15 8
22 16 7
22 17 4
22 18 8
22 19 1
22 20 7
22 21 1
22 22 1
22 23 6
22 24 3
22 25 9
22 26 7
22 27 8
22 28 8
22 29 7
22 30 7
22 31 5
22 32 4
22 33 3
22 34 5
22 35 5
22 36 7
22 37 5
22 38 1
22 39 7
22 40 1
22 41 6
22 42 4
22 43 2
22 44 4
22 45 6
22 46 2
22 47 4
22 48 4
22 49 9
22 50 2
22 51 3
22 52 3
22 53 2
22 54 8
22 55 5
22 56 7
22 57 7
22 58 2
22 59 2
22 60 9
22 61 1
22 62 5
22 63 1
22 64 1
22 65 5
22 66 5
22 67 4
22 68 6
22 69 2
22 70 5
22 71 8
22 72 4
22 73 2
22 74 6
22 75 8
22 76 3
22 77 7
22 78 9
22 79 7
22 80 2
22 81 5
22 82 4
22 83 1
22 84 1
22 85 9
22 86 4
22 87 1
22 88 7
22 89 3
22 90 8
22 91 8
22 92 5
22 93 8
22 94 7
22 95 7
22 96 5
22 97 6
22 98 6
22 99 4
23 0 2
23 1 4
23 2 6
23 3 5
23 4 7
23 5 4
23 6 8
23 7 5
23 8 6
23 9 8
23 10 2
23 11 3
23 12 7
23 13 2
23 14 7
23 15 3
23 16 2
23 17 7
23 18 2
23 19 8
23 20 5
23 21 4
23 22 8
23 23 7
23 24 8
23 25 9
23 26 7
23 27 3
23 28 1
23 29 4
23 30 3
23 31 2
23 32 9
23 33 4
23 34 2
23 35 6
23 36 3
23 37 4
23 38 7
23 39 7
23 40 5
23 41 7
23 42 5
23 43 2
23 44 2
23 45 4
23 46 5
23 47 2
23 48 9
23 49 1
23 50 7
23 51 8
23 52 4
23 53 9
23 54 6
23 55 9
23 56 1
23 57 2
23 58 2
23 59 5
23 60 8
23 61 7
23 62 4
23 63 2
23 64 5
23 65 5
23 66 3
23 67 1
23 68 8
23 69 9
23 70 2
23 71 9
23 72 2
23 73 9
23 74 1
23 75 5
23 76 4
23 77 3
23 78 1
23 79 7
23 80 4
23 81 6
23 82 1
23 83 1
23 84 6
23 85 4
23 86 2
23 87 1
23 88 5
23 89 1
23 90 3
23 91 9
23 92 5
23 93 4
23 94 8
23 95 5
23 96 9
23 97 3
23 98 9
23 99 7
24 0 3
24 1 7
24 2 9
24 3 3
24 4 9
24 5 7
24 6 9
24 7 3
24 8 6
24 9 2
24 10 1
24 11 6
24 12 8
24 13 1
24 14 9
24 15 4
24 16 6
24 17 3
24 18 1
24 19 2
24 20 5
24 21 6
24 22 7
24 23 6
24 24 4
24 25 7
24 26 2
24 27 2
24 28 5
24 29 1
24 30 1
24 31 1
24 32 9
24 33 2
24 34 5
24 35 8
24 36 7
24 37 8
24 38 7
24 39 3
24 40 3
24 41 1
24 42 3
24 43 3
24 44 8
24 45 4
24 46 9
24 47 2
24 48 1
24 49 9
24 50 6
24 51 6
24 52 3
24 53 1
24 54 2
24 55 6
24 56 9
24 57 9
24 58 3
24 59 1
24 60 2
24 61 9
24 62 1
24 63 5
24 64 4
24 65 9
24 66 2
24 67 8
24 68 2
24 69 6
24 70 6
24 71 8
24 72 9
24 73 7
24 74 4
24 75 4
24 76 8
24 77 2
24 78 2
24 79 9
24 80 3
24 81 4
24 82 5
24 83 2
24 84 3
24 85 1
24 86 1
24 87 9
24 88 7
24 89 5
24 90 8
24 91 3
24 92 7
24 93 1
24 94 5
24 95 2
24 96 8
24 97 7
24 98 7
24 99 7
25 0 6
25 1 2
25 2 3
25 3 8
25 4 2
25 5 2
25 6 9
25 7 9
25 8 5
25 9 8
25 10 1
25 11 4
25 12 1
25 13 8
25 14 2
25 15 7
25 16 1
25 17 7
25 18 3
25 19 7
25 20 8
25 21 2
25 22 7
25 23 1
25 24 1
25 25 5
25 26 1
25 27 2
25 28 5
25 29 9
25 30 6
25 31 8
25 32 5
25 33 5
25 34 6
25 35 8
25 36 4
25 37 6
25 38 2
25 39 1
25 40 9
25 41 7
25 42 8
25 43 3
25 44 8
25 45 8
25 46 1
25 47 3
25 48 3
25 49 3
25 50 7
25 51 8
25 52 1
25 53 6
25 54 2
25 55 8
25 56 5
25 57 1
25 58 3
25 59 2
25 60 7
25 61 8
25 62 1
25 63 7
25 64 3
25 65 4
25 66 9
25 67 1
25 68 2
25 69 3
25 70 7
25 71 7
25 72 7
25 73 5
25 74 6
25 75 3
25 76 5
25 77 6
25 78 2
25 79 9
25 80 3
25 81 9
25 82 6
25 83 3
25 84 2
25 85 5
25 86 4
25 87 1
25 88 9
25 89 5
25 90 4
25 91 1
25 92 4
25 93 2
25 94 5
25 95 2
25 96 4
25 97 2
25 98 8
25 99 5
26 0 3
26 1 6
26 2 7
26 3 7
26 4 8
26 5 3
26 6 3
26 7 6
26 8 4
26 9 4
26 10 3
26 11 4
26 12 6
26 13 8
26 14 1
26 15 5
26 16 8
26 17 2
26 18 2
26 19 9
26 20 2
26 21 1
26 22 6
26 23 8
26 24 9
26 25 4
26 26 1
26 27 8
26 28 1
26 29 3
26 30 8
26 31 1
26 32 2
26 33 4
26 34 7
26 35 5
26 36 1
26 37 8
26 38 9
26 39 6
26 40 7
26 41 3
26 42 1
26 43 6
26 44 5
26 45 2
26 46 4
26 47 8
26 48 3
26 49 2
26 50 7
26 51 4
26 52 9
26 53 1
26 54 9
26 55 2
26 56 5
26 57 8
26 58 5
26 59 3
26 60 9
26 61 8
26 62 3
26 63 6
26 64 2
26 65 7
26 66 9
26 67 7
26 68 3
26 69 2
26 70 7
26 71 4
26 72 6
26 73 2
26 74 3
26 75 5
26 76 1
26 77 2
26 78 8
26 79 1
26 80 1
26 81 2
26 82 4
26 83 3
26 84 8
26 85 9
26 86 3
26 87 4
26 88 6
26 89 8
26 90 9
26 91 3
26 92 3
26 93 5
26 94 3
26 95 4
26 96 6
26 97 6
26 98 1
26 99 8
27 0 7
27 1 7
27 2 5
27 3 4
27 4 2
27 5 9
27 6 7
27 7 5
27 8 2
27 9 4
27 10 4
27 11 8
27 12 9
27 13 8
27 14 4
27 15 5
27 16 2
27 17 9
27 18 3
27 19 9
27 20 3
27 21 9
27 22 4
27 23 1
27 24 8
27 25 3
27 26 5
27 27 7
27 28 8
27 29 1
27 30 2
27 31 5
27 32 5
27 33 2
27 34 2
27 35 1
27 36 7
27 37 5
27 38 1
27 39 5
27 40 1
27 41 2
27 42 4
27 43 8
27 44 8
27 45 1
27 46 7
27 47 6
27 48 3
27 49 8
27 50 1
27 51 5
27 52 8
27 53 1
27 54 5
27 55 7
27 56 3
27 57 3
27 58 7
27 59 6
27 60 6
27 61 6
27 62 6
27 63 4
27 64 1
27 65 1
27 66 7
27 67 3
27 68 4
27 69 7
27 70 7
27 71 9
27 72 9
27 73 7
27 74 3
27 75 7
27 76 1
27 77 2
27 78 2
27 79 2
27 80 4
27 81 5
27 82 9
27 83 3
27 84 3
27 85 3
27 86 5
27 87 2
27 88 1
27 89 9
27 90 3
27 91 7
27 92 8
27 93 9
27 94 4
27 95 9
27 96 1
27 97 5
27 98 4
27 99 6
28 0 1
28 1 2
28 2 9
28 3 2
28 4 2
28 5 6
28 6 3
28 7 9
28 8 2
28 9 5
28 10 5
28 11 6
28 12 5
28 13 3
28 14 8
28 15 2
28 16 4
28 17 2
28 18 6
28 19 3
28 20 3
28 21 9
28 22 9
28 23 1
28 24 9
28 25 4
28 26 1
28 27 3
28 28 9
28 29 8
28 30 2
28 31 7
28 32 2
28 33 6
28 34 6
28 35 3
28 36 2
28 37 7
28 38 3
28 39 9
28 40 6
28 41 6
28 42 2
28 43 9
28 44 6
28 45 3
28 46 1
28 47 9
28 48 8
28 49 6
28 50 1
28 51 6
28 52 3
28 53 7
28 54 9
28 55 7
28 56 6
28 57 8
28 58 3
28 59 8
28 60 3
28 61 8
28 62 1
28 63 6
28 64 2
28 65 5
28 66 3
28 67 8
28 68 1
28 69 1
28 70 2
28 71 4
28 72 1
28 73 4
28 74 6
28 75 7
28 76 3
28 77 7
28 78 5
28 79 2
28 80 7
28 81 4
28 82 5
28 83 5
28 84 1
28 85 8
28 86 6
28 87 5
28 88 4
28 89 1
28 90 2
28 91 7
28 92 6
28 93 3
28 94 6
28 95 5
28 96 5
28 97 8
28 98 9
28 99 9
29 0 9
29 1 3
29 2 9
29 3 3
29 4 4
29 5 6
29 6 8
29 7 9
29 8 5
29 9 2
29 10 4
29 11 9
29 12 2
29 13 1
29 14 1
29 15 4
29 16 9
29 17 6
29 18 4
29 19 8
29 20 2
29 21 9
29 22 2
29 23 4
29 24 5
29 25 3
29 26 1
29 27 3
29 28 6
29 29 7
29 30 8
29 31 1
29 32 5
29 33 3
29 34 8
29 35 3
29 36 6
29 37 5
29 38 6
29 39 2
29 40 5
29 41 3
29 42 8
29 43 2
29 44 4
29 45 4
29 46 3
29 47 6
29 48 8
29 49 3
29 50 1
29 51 1
29 52 1
29 53 6
29 54 5
29 55 2
29 56 1
29 57 4
29 58 9
29 59 7
29 60 6
29 61 4
29 62 2
29 63 9
29 64 6
29 65 5
29 66 1
29 67 7
29 68 3
29 69 9
29 70 8
29 71 7
29 72 9
29 73 7
29 74 8
29 75 5
29 76 8
29 77 5
29 78 5
29 79 5
29 80 7
29 81 4
29 82 7
29 83 8
29 84 4
29 85 7
29 86 2
29 87 5
29 88 8
29 89 1
29 90 6
29 91 4
29 92 8
29 93 6
29 94 6
29 95 5
29 96 1
29 97 6
29 98 2
29 99 9
30 0 6
30 1 7
30 2 5
30 3 3
30 4 8
30 5 7
30 6 9
30 7 3
30 8 7
30 9 5
30 10 2
30 11 9
30 12 7
30 13 9
30 14 4
30 15 3
30 16 4
30 17 6
30 18 6
30 19 1
30 20 4
30 21 4
30 22 3
30 23 4
30 24 3
30 25 8
30 26 8
30 27 8
30 28 4
30 29 2
30 30 1
30 31 3
30 32 3
30 33 7
30 34 2
30 35 3
30 36 8
30 37 3
30 38 9
30 39 6
30 40 3
30 41 6
30 42 2
30 43 6
30 44 3
30 45 1
30 46 9
30 47 9
30 48 1
30 49 6
30 50 8
30 51 3
30 52 1
30 53 8
30 54 7
30 55 8
30 56 8
30 57 8
30 58 8
30 59 7
30 60 3
30 61 1
30 62 2
30 63 8
30 64 4
30 65 2
30 66 1
30 67 5
30 68 3
30 69 2
30 70 7
30 71 8
30 72 7
30 73 6
30 74 9
30 75 4
30 76 2
30 77 9
30 78 6
30 79 2
30 80 1
30 81 5
30 82 2
30 83 9
30 84 7
30 85 9
30 86 2
30 87 1
30 88 4
30 89 2
30 90 6
30 91 4
30 92 2
30 93 1
30 94 5
30 95 3
30 96 3
30 97 9
30 98 3
30 99 3
31 0 9
31 1 8
31 2 3
31 3 1
31 4 1
31 5 4
31 6 9
31 7 8
31 8 8
31 9 5
31 10 6
31 11 1
31 12 6
31 13 4
31 14 9
31 15 7
31 16 1
31 17 4
31 18 6
31 19 4
31 20 6
31 21 5
31 22 1
31 23 2
31 24 8
31 25 9
31 26 2
31 27 9
31 28 2
31 29 3
31 30 4
31 31 2
31 32 7
31 33 6
31 34 6
31 35 6
31 36 7
31 37 4
31 38 1
31 39 9
31 40 6
31 41 5
31 42 6
31 43 8
31 44 2
31 45 6
31 46 6
31 47 5
31 48 4
31 49 1
31 50 1
31 51 3
31 52 3
31 53 6
31 54 2
31 55 6
31 56 6
31 57 2
31 58 6
31 59 1
31 60 7
31 61 6
31 62 9
31 63 6
31 64 3
31 65 4
31 66 1
31 67 1
31 68 8
31 69 2
31 70 5
31 71 7
31 72 3
31 73 4
31 74 4
31 75 5
31 76 5
31 77 4
31 78 4
31 79 8
31 80 8
31 81 8
31 82 2
31 83 8
31 84 2
31 85 2
31 86 3
31 87 4
31 88 7
31 89 7
31 90 7
31 91 9
31 92 2
31 93 2
31 94 7
31 95 5
31 96 3
31 97 4
31 98 1
31 99 9
32 0 9
32 1 4
32 2 7
32 3 1
32 4 3
32 5 1
32 6 7
32 7 7
32 8 2
32 9 5
32 10 7
32 11 3
32 12 4
32 13 5
32 14 2
32 15 5
32 16 5
32 17 2
32 18 3
32 19 2
32 20 1
32 21 7
32 22 3
32 23 8
32 24 6
32 25 1
32 26 7
32 27 1
32 28 1
32 29 9
32 30 8
32 31 3
32 32 4
32 33 3
32 34 7
32 35 4
32 36 4
32 37 9
32 38 3
32 39 2
32 40 1
32 41 2
32 42 7
32 43 3
32 44 6
32 45 8
32 46 1
32 47 5
32 48 3
32 49 3
32 50 8
32 51 3
32 52 2
32 53 6
32 54 6
32 55 7
32 56 9
32 57 3
32 58 6
32 59 8
32 60 1
32 61 1
32 62 5
32 63 9
32 64 2
32 65 9
32 66 9
32 67 9
32 68 7
32 69 3
32 70 8
32 71 3
32 72 1
32 73 3
32 74 1
32 75 4
32 76 6
32 77 2
32 78 6
32 79 4
32 80 3
32 81 7
32 82 9
32 83 5
32 84 5
32 85 2
32 86 5
32 87 7
32 88 7
32 89 6
32 90 9
32 91 5
32 92 5
32 93 7
32 94 7
32 95 1
32 96 8
32 97 8
32 98 4
32 99 5
33 0 7
33 1 9
33 2 4
33 3 9
33 4 5
33 5 9
33 6 7
33 7 5
33 8 6
33 9 9
33 10 1
33 11 4
33 12 6
33 13 3
33 14 4
33 15 9
33 16 6
33 17 7
33 18 8
33 19 4
33 20 3
33 21 8
33 22 6
33 23 9
33 24 4
33 25 8
33 26 9
33 27 9
33 28 9
33 29 1
33 30 4
33 31 5
33 32 8
33 33 7
33 34 3
33 35 4
33 36 2
33 37 1
33 38 7
33 39 5
33 40 4
33 41 5
33 42 4
33 43 7
33 44 3
33 45 6
33 46 5
33 47 1
33 48 9
33 49 7
33 50 3
33 51 2
33 52 6
33 53 9
33 54 2
33 55 4
33 56 1
33 57 9
33 58 2
33 59 2
33 60 5
33 61 5
33 62 4
33 63 5
33 64 5
33 65 9
33 66 9
33 67 8
33 68 1
33 69 2
33 70 3
33 71 8
33 72 5
33 73 1
33 74 1
33 75 6
33 76 8
33 77 3
33 78 3
33 79 1
33 80 9
33 81 3
33 82 7
33 83 8
33 84 2
33 85 9
33 86 7
33 87 7
33 88 9
33 89 1
33 90 5
33 91 9
33 92 5
33 93 3
33 94 8
33 95 2
33 96 9
33 97 9
33 98 6
33 99 6
34 0 3
34 1 9
34 2 5
34 3 4
34 4 9
34 5 9
34 6 3
34 7 6
34 8 5
34 9 4
34 10 1
34 11 1
34 12 2
34 13 1
34 14 8
34 15 1
34 16 2
34 17 4
34 18 1
34 19 4
34 20 4
34 21 6
34 22 4
34 23 3
34 24 7
34 25 3
34 26 7
34 27 8
34 28 9
34 29 7
34 30 4
34 31 3
34 32 1
34 33 4
34 34 1
34 35 4
34 36 7
34 37 2
34 38 4
34 39 6
34 40 7
34 41 8
34 42 3
34 43 9
34 44 3
34 45 1
34 46 3
34 47 5
34 48 7
34 49 5
34 50 2
34 51 5
34 52 5
34 53 4
34 54 6
34 55 6
34 56 8
34 57 8
34 58 7
34 59 8
34 60 5
34 61 7
34 62 1
34 63 9
34 64 9
34 65 6
34 66 8
34 67 8
34 68 9
34 69 8
34 70 1
34 71 7
34 72 5
34 73 9
34 74 5
34 75 3
34 76 6
34 77 3
34 78 3
34 79 9
34 80 7
34 81 6
34 82 2
34 83 6
34 84 4
34 85 8
34 86 9
34 87 2
34 88 3
34 89 6
34 90 6
34 91 8
34 92 9
34 93 7
34 94 6
34 95 6
34 96 7
34 97 6
34 98 2
34 99 5
35 0 6
35 1 5
35 2 2
35 3 3
35 4 2
35 5 6
35 6 3
35 7 2
35 8 3
35 9 7
35 10 5
35 11 5
35 12 5
35 13 6
35 14 7
35 15 6
35 16 1
35 17 8
35 18 2
35 19 4
35 20 8
35 21 5
35 22 5
35 23 9
35 24 7
35 25 6
35 26 3
35 27 8
35 28 9
35 29 2
35 30 8
35 31 4
35 32 1
35 33 9
35 34 6
35 35 3
35 36 6
35 37 6
35 38 5
35 39 4
35 40 9
35 41 8
35 42 4
35 43 7
35 44 9
35 45 9
35 46 2
35 47 1
35 48 4
35 49 6
35 50 4
35 51 9
35 52 3
35 53 4
35 54 2
35 55 9
35 56 5
35 57 5
35 58 7
35 59 9
35 60 4
35 61 1
35 62 9
35 63 5
35 64 2
35 65 5
35 66 2
35 67 5
35 68 7
35 69 3
35 70 4
35 71 7
35 72 8
35 73 7
35 74 1
35 75 1
35 76 3
35 77 4
35 78 1
35 79 4
35 80 9
35 81 4
35 82 1
35 83 4
35 84 9
35 85 5
35 86 5
35 87 3
35 88 6
35 89 8
35 90 7
35 91 2
35 92 8
35 93 9
35 94 4
35 95 4
35 96 8
35 97 6
35 98 5
35 99 9
36 0 4
36 1 7
36 2 6
36 3 6
36 4 6
36 5 6
36 6 4
36 7 4
36 8 3
36 9 8
36 10 7
36 11 2
36 12 7
36 13 5
36 14 3
36 15 6
36 16 3
36 17 5
36 18 1
36 19 8
36 20 6
36 21 4
36 22 8
36 23 8
36 24 4
36 25 5
36 26 3
36 27 9
36 28 2
36 29 8
36 30 1
36 31 3
36 32 5
36 33 4
36 34 8
36 35 2
36 36 5
36 37 9
36 38 9
36 39 2
36 40 3
36 41 3
36 42 7
36 43 5
36 44 8
36 45 2
36 46 2
36 47 1
36 48 7
36 49 5
36 50 9
36 51 1
36 52 4
36 53 7
36 54 2
36 55 3
36 56 7
36 57 4
36 58 4
36 59 1
36 60 4
36 61 4
36 62 7
36 63 5
36 64 4
36 65 8
36 66 2
36 67 3
36 68 1
36 69 7
36 70 5
36 71 7
36 72 5
36 73 2
36 74 3
36 75 5
36 76 3
36 77 9
36 78 4
36 79 1
36 80 9
36 81 3
36 82 9
36 83 5
36 84 9
36 85 4
36 86 1
36 87 4
36 88 5
36 89 6
36 90 9
36 91 2
36 92 4
36 93 1
36 94 2
36 95 1
36 96 5
36 97 9
36 98 5
36 99 9
37 0 9
37 1 1
37 2 7
37 3 1
37 4 2
37 5 1
37 6 4
37 7 5
37 8 8
37 9 5
37 10 2
37 11 1
37 12 6
37 13 3
37 14 1
37 15 7
37 16 3
37 17 3
37 18 1
37 19 7
37 20 5
37 21 5
37 22 1
37 23 2
37 24 9
37 25 5
37 26 9
37 27 4
37 28 5
37 29 8
37 30 3
37 31 1
37 32 6
37 33 6
37 34 5
37 35 3
37 36 9
37 37 3
37 38 5
37 39 4
37 40 3
37 41 2
37 42 8
37 43 4
37 44 6
37 45 4
37 46 7
37 47 5
37 48 5
37 49 4
37 50 2
37 51 6
37 52 4
37 53 5
37 54 8
37 55 5
37 56 3
37 57 9
37 58 7
37 59 9
37 60 1
37 61 4
37 62 1
37 63 9
37 64 8
37 65 4
37 66 4
37 67 2
37 68 7
37 69 2
37 70 4
37 71 6
37 72 3
37 73 5
37 74 6
37 75 7
37 76 9
37 77 6
37 78 4
37 79 2
37 80 1
37 81 1
37 82 5
37 83 2
37 84 4
37 85 3
37 86 1
37 87 1
37 88 5
37 89 3
37 90 3
37 91 2
37 92 5
37 93 4
37 94 2
37 95 3
37 96 7
37 97 9
37 98 9
37 99 2
38 0 8
38 1 4
38 2 3
38 3 5
38 4 5
38 5 9
38 6 7
38 7 5
38 8 8
38 9 3
38 10 7
38 11 8
38 12 1
38 13 1
38 14 8
38 15 7
38 16 8
38 17 3
38 18 7
38 19 3
38 20 5
38 21 9
38 22 7
38 23 1
38 24 4
38 25 2
38 26 7
38 27 4
38 28 9
38 29 4
38 30 7
38 31 3
38 32 6
38 33 4
38 34 4
38 35 6
38 36 1
38 37 3
38 38 5
38 39 3
38 40 8
38 41 9
38 42 9
38 43 1
38 44 3
38 45 6
38 46 5
38 47 8
38 48 7
38 49 5
38 50 3
38 51 1
38 52 9
38 53 4
38 54 7
38 55 6
38 56 7
38 57 1
38 58 7
38 59 1
38 60 8
38 61 5
38 62 5
38 63 5
38 64 5
38 65 2
38 66 9
38 67 5
38 68 8
38 69 5
38 70 8
38 71 7
38 72 7
38 73 6
38 74 7
38 75 2
38 76 6
38 77 2
38 78 1
38 79 1
38 80 2
38 81 3
38 82 1
38 83 3
38 84 3
38 85 7
38 86 2
38 87 7
38 88 4
38 89 6
38 90 5
38 91 5
38 92 1
38 93 2
38 94 6
38 95 5
38 96 5
38 97 5
38 98 7
38 99 5
39 0 5
39 1 1
39 2 2
39 3 3
39 4 6
39 5 8
39 6 5
39 7 8
39 8 8
39 9 7
39 10 4
39 11 9
39 12 3
39 13 6
39 14 9
39 15 6
39 16 3
39 17 8
39 18 5
39 19 5
39 20 3
39 21 9
39 22 2
39 23 1
39 24 6
39 25 7
39 26 2
39 27 4
39 28 3
39 29 3
39 30 6
39 31 4
39 32 8
39 33 1
39 34 6
39 35 8
39 36 8
39 37 3
39 38 3
39 39 1
39 40 2
39 41 7
39 42 4
39 43 1
39 44 6
39 45 4
39 46 7
39 47 6
39 48 1
39 49 7
39 50 9
39 51 2
39 52 7
39 53 1
39 54 1
39 55 2
39 56 9
39 57 4
39 58 1
39 59 7
39 60 1
39 61 9
39 62 9
39 63 3
39 64 3
39 65 7
39 66 6
39 67 6
39 68 6
39 69 7
39 70 4
39 71 5
39 72 3
39 73 7
39 74 6
39 75 4
39 76 8
39 77 5
39 78 2
39 79 6
39 80 4
39 81 5
39 82 9
39 83 2
39 84 2
39 85 5
39 86 4
39 87 8
39 88 7
39 89 1
39 90 5
39 91 2
39 92 6
39 93 5
39 94 4
39 95 8
39 96 5
39 97 8
39 98 3
39 99 8
40 0 5
40 1 9
40 2 1
40 3 9
40 4 8
40 5 9
40 6 6
40 7 8
40 8 9
40 9 3
40 10 4
40 11 6
40 12 4
40 13 2
40 14 9
40 15 8
40 16 7
40 17 7
40 18 9
40 19 2
40 20 6
40 21 9
40 22 4
40 23 5
40 24 2
40 25 2
40 26 7
40 27 8
40 28 7
40 29 9
40 30 6
40 31 3
40 32 9
40 33 6
40 34 6
40 35 4
40 36 1
40 37 9
40 38 1
40 39 8
40 40 7
40 41 2
40 42 9
40 43 1
40 44 1
40 45 6
40 46 7
40 47 5
40 48 2
40 49 2
40 50 5
40 51 1
40 52 9
40 53 9
40 54 2
40 55 2
40 56 6
40 57 4
40 58 2
40 59 6
40 60 5
40 61 6
40 62 4
40 63 4
40 64 3
40 65 1
40 66 5
40 67 2
40 68 1
40 69 5
40 70 4
40 71 1
40 72 1
40 73 8
40 74 7
40 75 4
40 76 5
40 77 8
40 78 7
40 79 9
40 80 8
40 81 7
40 82 3
40 83 5
40 84 4
40 85 8
40 86 8
40 87 9
40 88 4
40 89 7
40 90 8
40 91 6
40 92 7
40 93 4
40 94 1
40 95 1
40 96 1
40 97 5
40 98 7
40 99 7
41 0 7
41 1 6
41 2 7
41 3 5
41 4 3
41 5 7
41 6 2
41 7 5
41 8 4
41 9 6
41 10 8
41 11 7
41 12 6
41 13 3
41 14 5
41 15 5
41 16 5
41 17 2
41 18 5
41 19 4
41 20 9
41 21 9
41 22 6
41 23 7
41 24 8
41 25 9
41 26 7
41 27 3
41 28 6
41 29 3
41 30 1
41 31 3
41 32 4
41 33 5
41 34 7
41 35 7
41 36 4
41 37 9
41 38 7
41 39 9
41 40 1
41 41 7
41 42 4
41 43 6
41 44 9
41 45 6
41 46 3
41 47 2
41 48 6
41 49 6
41 50 2
41 51 3
41 52 8
41 53 4
41 54 1
41 55 5
41 56 5
41 57 9
41 58 1
41 59 1
41 60 5
41 61 9
41 62 9
41 63 8
41 64 4
41 65 4
41 66 2
41 67 5
41 68 6
41 69 9
41 70 9
41 71 3
41 72 4
41 73 7
41 74 3
41 75 9
41 76 2
41 77 2
41 78 8
41 79 9
41 80 4
41 81 7
41 82 3
41 83 1
41 84 2
41 85 7
41 86 5
41 87 5
41 88 2
41 89 1
41 90 4
41 91 4
41 92 3
41 93 1
41 94 3
41 95 4
41 96 4
41 97 5
41 98 4
41 99 8
42 0 7
42 1 5
42 2 5
42 3 4
42 4 6
42 5 8
42 6 6
42 7 9
42 8 3
42 9 2
42 10 9
42 11 5
42 12 8
42 13 8
42 14 8
42 15 9
42 16 3
42 17 9
42 18 6
42 19 6
42 20 3
42 21 5
42 22 9
42 23 1
42 24 8
42 25 8
42 26 7
42 27 6
42 28 9
42 29 9
42 30 1
42 31 3
42 32 8
42 33 2
42 34 5
42 35 1
42 36 3
42 37 8
42 38 6
42 39 3
42 40 1
42 41 1
42 42 6
42 43 9
42 44 2
42 45 8
42 46 7
42 47 1
42 48 9
42 49 1
42 50 3
42 51 4
42 52 1
42 53 9
42 54 3
42 55 1
42 56 9
42 57 1
42 58 3
42 59 4
42 60 1
42 61 3
42 62 5
42 63 2
42 64 9
42 65 3
42 66 7
42 67 7
42 68 8
42 69 3
42 70 6
42 71 7
42 72 6
42 73 5
42 74 1
42 75 3
42 76 8
42 77 1
42 78 3
42 79 1
42 80 2
42 81 1
42 82 6
42 83 7
42 84 6
42 85 6
42 86 1
42 87 8
42 88 9
42 89 2
42 90 6
42 91 2
42 92 8
42 93 3
42 94 8
42 95 6
42 96 9
42 97 1
42 98 8
42 99 6
43 0 4
43 1 5
43 2 6
43 3 2
43 4 5
43 5 8
43 6 5
43 7 9
43 8 6
43 9 7
43 10 6
43 11 2
43 12 3
43 13 5
43 14 6
43 15 7
43 16 3
43 17 7
43 18 4
43 19 7
43 20 8
43 21 6
43 22 8
43 23 1
43 24 8
43 25 9
43 26 4
43 27 4
43 28 9
43 29 1
43 30 3
43 31 2
43 32 8
43 33 6
43 34 1
43 35 4
43 36 9
43 37 3
43 38 4
43 39 9
43 40 9
43 41 4
43 42 6
43 43 2
43 44 8
43 45 7
43 46 6
43 47 8
43 48 8
43 49 1
43 50 4
43 51 4
43 52 7
43 53 2
43 54 6
43 55 3
43 56 7
43 57 3
43 58 1
43 59 1
43 60 7
43 61 3
43 62 4
43 63 6
43 64 1
43 65 6
43 66 4
43 67 6
43 68 7
43 69 1
43 70 1
43 71 5
43 72 8
43 73 6
43 74 3
43 75 5
43 76 3
43 77 9
43 78 2
43 79 2
43 80 5
43 81 6
43 82 5
43 83 4
43 84 1
43 85 8
43 86 3
43 87 8
43 88 2
43 89 8
43 90 6
43 91 4
43 92 5
43 93 3
43 94 6
43 95 6
43 96 4
43 97 7
43 98 4
43 99 5
44 0 7
44 1 2
44 2 6
44 3 9
44 4 6
44 5 4
44 6 6
44 7 6
44 8 8
44 9 3
44 10 5
44 11 9
44 12 9
44 13 2
44 14 7
44 15 1
44 16 5
44 17 5
44 18 8
44 19 2
44 20 6
44 21 8
44 22 7
44 23 6
44 24 2
44 25 4
44 26 5
44 27 6
44 28 1
44 29 6
44 30 6
44 31 9
44 32 1
44 33 6
44 34 3
44 35 5
44 36 2
44 37 1
44 38 6
44 39 6
44 40 3
44 41 1
44 42 4
44 43 2
44 44 2
44 45 9
44 46 7
44 47 8
44 48 2
44 49 8
44 50 3
44 51 5
44 52 1
44 53 3
44 54 5
44 55 5
44 56 3
44 57 2
44 58 3
44 59 8
44 60 1
44 61 9
44 62 9
44 63 7
44 64 3
44 65 8
44 66 5
44 67 3
44 68 5
44 69 1
44 70 3
44 71 5
44 72 2
44 73 3
44 74 2
44 75 8
44 76 6
44 77 1
44 78 4
44 79 9
44 80 7
44 81 5
44 82 1
44 83 2
44 84 9
44 85 8
44 86 6
44 87 1
44 88 3
44 89 9
44 90 8
44 91 4
44 92 4
44 93 6
44 94 3
44 95 1
44 96 5
44 97 2
44 98 2
44 99 6
45 0 4
45 1 4
45 2 3
45 3 1
45 4 1
45 5 5
45 6 1
45 7 2
45 8 4
45 9 4
45 10 9
45 11 4
45 12 8
45 13 3
45 14 6
45 15 8
45 16 7
45 17 1
45 18 2
45 19 7
45 20 3
45 21 9
45 22 6
45 23 4
45 24 4
45 25 3
45 26 3
45 27 6
45 28 2
45 29 7
45 30 7
45 31 4
45 32 1
45 33 2
45 34 3
45 35 1
45 36 1
45 37 1
45 38 2
45 39 8
45 40 6
45 41 7
45 42 1
45 43 3
45 44 2
45 45 5
45 46 2
45 47 1
45 48 4
45 49 5
45 50 8
45 51 4
45 52 9
45 53 4
45 54 5
45 55 1
45 56 3
45 57 5
45 58 9
45 59 9
45 60 5
45 61 6
45 62 3
45 63 6
45 64 7
45 65 4
45 66 5
45 67 9
45 68 6
45 69 1
45 70 8
45 71 7
45 72 2
45 73 2
45 74 5
45 75 4
45 76 3
45 77 5
45 78 3
45 79 9
45 80 9
45 81 6
45 82 9
45 83 9
45 84 3
45 85 2
45 86 2
45 87 9
45 88 2
45 89 9
45 90 1
45 91 1
45 92 5
45 93 7
45 94 2
45 95 6
45 96 7
45 97 2
45 98 3
45 99 3
46 0 7
46 1 4
46 2 3
46 3 6
46 4 9
46 5 6
46 6 7
46 7 4
46 8 1
46 9 3
46 10 7
46 11 1
46 12 1
46 13 1
46 14 9
46 15 1
46 16 3
46 17 9
46 18 2
46 19 2
46 20 2
46 21 2
46 22 4
46 23 8
46 24 4
46 25 2
46 26 3
46 27 4
46 28 6
46 29 6
46 30 1
46 31 3
46 32 1
46 33 3
46 34 8
46 35 8
46 36 1
46 37 7
46 38 4
46 39 1
46 40 8
46 41 7
46 42 3
46 43 3
46 44 8
46 45 5
46 46 2
46 47 8
46 48 4
46 49 8
46 50 2
46 51 1
46 52 6
46 53 9
46 54 5
46 55 7
46 56 2
46 57 8
46 58 5
46 59 4
46 60 7
46 61 6
46 62 7
46 63 5
46 64 5
46 65 1
46 66 6
46 67 2
46 68 9
46 69 8
46 70 7
46 71 5
46 72 7
46 73 2
46 74 7
46 75 4
46 76 6
46 77 5
46 78 4
46 79 8
46 80 5
46 81 3
46 82 6
46 83 5
46 84 8
46 85 3
46 86 5
46 87 4
46 88 7
46 89 7
46 90 4
46 91 6
46 92 4
46 93 6
46 94 8
46 95 6
46 96 2
46 97 3
46 98 9
46 99 4
47 0 7
47 1 7
47 2 2
47 3 5
47 4 3
47 5 3
47 6 2
47 7 9
47 8 9
47 9 6
47 10 8
47 11 2
47 12 6
47 13 3
47 14 4
47 15 8
47 16 2
47 17 5
47 18 9
47 19 4
47 20 6
47 21 4
47 22 9
47 23 8
47 24 5
47 25 8
47 26 4
47 27 4
47 28 2
47 29 5
47 30 7
47 31 2
47 32 6
47 33 4
47 34 1
47 35 6
47 36 1
47 37 4
47 38 5
47 39 2
47 40 4
47 41 7
47 42 9
47 43 1
47 44 8
47 45 4
47 46 3
47 47 8
47 48 6
47 49 7
47 50 9
47 51 3
47 52 9
47 53 2
47 54 9
47 55 5
47 56 4
47 57 1
47 58 9
47 59 1
47 60 2
47 61 6
47 62 5
47 63 3
47 64 6
47 65 2
47 66 4
47 67 2
47 68 8
47 69 5
47 70 3
47 71 3
47 72 6
47 73 3
47 74 4
47 75 8
47 76 4
47 77 6
47 78 1
47 79 3
47 80 8
47 81 3
47 82 1
47 83 5
47 84 7
47 85 3
47 86 4
47 87 5
47 88 3
47 89 6
47 90 6
47 91 6
47 92 8
47 93 5
47 94 8
47 95 2
47 96 7
47 97 3
47 98 7
47 99 6
48 0 5
48 1 3
48 2 9
48 3 2
48 4 7
48 5 8
48 6 3
48 7 7
48 8 8
48 9 4
48 10 4
48 11 4
48 12 2
48 13 1
48 14 7
48 15 2
48 16 9
48 17 3
48 18 9
48 19 6
48 20 7
48 21 3
48 22 7
48 23 4
48 24 4
48 25 8
48 26 9
48 27 7
48 28 9
48 29 9
48 30 1
48 31 1
48 32 3
48 33 7
48 34 7
48 35 7
48 36 3
48 37 6
48 38 2
48 39 6
48 40 8
48 41 5
48 42 2
48 43 4
48 44 9
48 45 2
48 46 8
48 47 6
48 48 5
48 49 4
48 50 2
48 51 2
48 52 4
48 53 6
48 54 3
48 55 9
48 56 2
48 57 3
48 58 3
48 59 1
48 60 1
48 61 2
48 62 8
48 63 3
48 64 7
48 65 6
48 66 5
48 67 7
48 68 9
48 69 5
48 70 5
48 71 9
48 72 2
48 73 2
48 74 2
48 75 3
48 76 4
48 77 4
48 78 8
48 79 2
48 80 8
48 81 2
48 82 5
48 83 6
48 84 1
48 85 1
48 86 1
48 87 6
48 88 8
48 89 5
48 90 2
48 91 6
48 92 2
48 93 2
48 94 1
48 95 1
48 96 5
48 97 3
48 98 6
48 99 7
49 0 3
49 1 1
49 2 7
49 3 2
49 4 2
49 5 5
49 6 2
49 7 4
49 8 2
49 9 5
49 10 8
49 11 6
49 12 5
49 13 6
49 14 7
49 15 8
49 16 3
49 17 2
49 18 9
49 19 4
49 20 2
49 21 1
49 22 3
49 23 2
49 24 5
49 25 3
49 26 5
49 27 7
49 28 9
49 29 8
49 30 5
49 31 3
49 32 7
49 33 3
49 34 6
49 35 2
49 36 8
49 37 4
49 38 5
49 39 7
49 40 7
49 41 9
49 42 5
49 43 8
49 44 8
49 45 6
49 46 6
49 47 4
49 48 7
49 49 1
49 50 9
49 51 4
49 52 9
49 53 9
49 54 9
49 55 8
49 56 3
49 57 3
49 58 9
49 59 9
49 60 4
49 61 9
49 62 6
49 63 1
49 64 4
49 65 3
49 66 4
49 67 3
49 68 8
49 69 1
49 70 2
49 71 2
49 72 7
49 73 2
49 74 6
49 75 7
49 76 7
49 77 3
49 78 8
49 79 9
49 80 5
49 81 9
49 82 5
49 83 7
49 84 6
49 85 1
49 86 4
49 87 6
49 88 7
49 89 1
49 90 5
49 91 3
49 92 9
49 93 6
49 94 4
49 95 4
49 96 6
49 97 3
49 98 4
49 99 2
50 0 9
50 1 8
50 2 7
50 3 8
50 4 4
50 5 4
50 6 2
50 7 9
50 8 5
50 9 5
50 10 4
50 11 3
50 12 4
50 13 3
50 14 9
50 15 7
50 16 9
50 17 8
50 18 7
50 19 2
50 20 7
50 21 2
50 22 3
50 23 1
50 24 7
50 25 9
50 26 5
50 27 1
50 28 9
50 29 8
50 30 5
50 31 3
50 32 5
50 33 9
50 34 4
50 35 5
50 36 5
50 37 4
50 38 8
50 39 2
50 40 5
50 41 5
50 42 5
50 43 2
50 44 7
50 45 2
50 46 8
50 47 6
50 48 5
50 49 7
50 50 8
50 51 7
50 52 4
50 53 8
50 54 5
50 55 5
50 56 9
50 57 7
50 58 7
50 59 3
50 60 5
50 61 5
50 62 2
50 63 1
50 64 2
50 65 7
50 66 4
50 67 1
50 68 7
50 69 8
50 70 4
50 71 4
50 72 5
50 73 4
50 74 7
50 75 1
50 76 6
50 77 3
50 78 7
50 79 7
50 80 2
50 81 2
50 82 3
50 83 2
50 84 7
50 85 1
50 86 2
50 87 4
50 88 5
50 89 9
50 90 9
50 91 3
50 92 3
50 93 1
50 94 5
50 95 4
50 96 4
50 97 4
50 98 2
50 99 3
51 0 7
51 1 2
51 2 1
51 3 2
51 4 6
51 5 3
51 6 9
51 7 9
51 8 8
51 9 8
51 10 4
51 11 9
51 12 7
51 13 4
51 14 5
51 15 9
51 16 4
51 17 1
51 18 3
51 19 4
51 20 8
51 21 4
51 22 3
51 23 1
51 24 1
51 25 3
51 26 3
51 27 7
51 28 2
51 29 2
51 30 8
51 31 2
51 32 8
51 33 5
51 34 9
51 35 7
51 36 3
51 37 8
51 38 1
51 39 1
51 40 6
51 41 9
51 42 8
51 43 3
51 44 8
51 45 9
51 46 6
51 47 1
51 48 6
51 49 9
51 50 1
51 51 1
51 52 8
51 53 9
51 54 5
51 55 2
51 56 1
51 57 6
51 58 8
51 59 6
51 60 6
51 61 8
51 62 2
51 63 9
51 64 1
51 65 3
51 66 7
51 67 7
51 68 7
51 69 1
51 70 7
51 71 2
51 72 6
51 73 1
51 74 1
51 75 1
51 76 4
51 77 2
51 78 6
51 79 6
51 80 6
51 81 7
51 82 7
51 83 2
51 84 2
51 85 1
51 86 1
51 87 9
51 88 7
51 89 8
51 90 9
51 91 8
51 92 4
51 93 2
51 94 7
51 95 1
51 96 3
51 97 5
51 98 1
51 99 8
52 0 2
52 1 9
52 2 2
52 3 4
52 4 3
52 5 8
52 6 9
52 7 9
52 8 7
52 9 1
52 10 2
52 11 9
52 12 7
52 13 7
52 14 8
52 15 9
52 16 8
52 17 5
52 18 6
52 19 1
52 20 7
52 21 8
52 22 4
52 23 5
52 24 2
52 25 5
52 26 3
52 27 5
52 28 2
52 29 5
52 30 5
52 31 8
52 32 5
52 33 7
52 34 9
52 35 6
52 36 7
52 37 2
52 38 8
52 39 2
52 40 7
52 41 5
52 42 5
52 43 8
52 44 9
52 45 1
52 46 3
52 47 6
52 48 1
52 49 8
52 50 3
52 51 2
52 52 6
52 53 7
52 54 9
52 55 2
52 56 2
52 57 1
52 58 3
52 59 5
52 60 4
52 61 7
52 62 2
52 63 3
52 64 3
52 65 6
52 66 8
52 67 2
52 68 2
52 69 5
52 70 3
52 71 6
52 72 3
52 73 1
52 74 9
52 75 4
52 76 6
52 77 7
52 78 7
52 79 9
52 80 8
52 81 8
52 82 9
52 83 6
52 84 6
52 85 6
52 86 5
52 87 1
52 88 1
52 89 2
52 90 8
52 91 2
52 92 1
52 93 5
52 94 1
52 95 2
52 96 5
52 97 1
52 98 7
52 99 9
53 0 3
53 1 3
53 2 4
53 3 5
53 4 1
53 5 2
53 6 9
53 7 1
53 8 6
53 9 6
53 10 7
53 11 5
53 12 2
53 13 6
53 14 5
53 15 3
53 16 6
53 17 8
53 18 4
53 19 4
53 20 7
53 21 5
53 22 5
53 23 8
53 24 2
53 25 5
53 26 1
53 27 4
53 28 8
53 29 5
53 30 3
53 31 2
53 32 7
53 33 8
53 34 7
53 35 6
53 36 6
53 37 7
53 38 3
53 39 6
53 40 1
53 41 5
53 42 6
53 43 5
53 44 4
53 45 1
53 46 9
53 47 1
53 48 7
53 49 2
53 50 5
53 51 4
53 52 2
53 53 4
53 54 5
53 55 2
53 56 5
53 57 3
53 58 2
53 59 1
53 60 2
53 61 7
53 62 2
53 63 1
53 64 3
53 65 3
53 66 9
53 67 5
53 68 1
53 69 1
53 70 6
53 71 9
53 72 7
53 73 6
53 74 3
53 75 7
53 76 1
53 77 7
53 78 5
53 79 2
53 80 5
53 81 7
53 82 8
53 83 7
53 84 4
53 85 4
53 86 9
53 87 8
53 88 9
53 89 5
53 90 8
53 91 8
53 92 7
53 93 7
53 94 3
53 95 4
53 96 2
53 97 2
53 98 7
53 99 8
54 0 5
54 1 2
54 2 2
54 3 5
54 4 8
54 5 2
54 6 5
54 7 2
54 8 2
54 9 2
54 10 5
54 11 4
54 12 9
54 13 8
54 14 1
54 15 7
54 16 4
54 17 6
54 18 1
54 19 6
54 20 8
54 21 5
54 22 7
54 23 8
54 24 9
54 25 3
54 26 3
54 27 4
54 28 8
54 29 4
54 30 9
54 31 5
54 32 5
54 33 6
54 34 6
54 35 2
54 36 9
54 37 5
54 38 2
54 39 7
54 40 1
54 41 7
54 42 4
54 43 5
54 44 7
54 45 2
54 46 3
54 47 3
54 48 3
54 49 6
54 50 6
54 51 7
54 52 2
54 53 4
54 54 2
54 55 4
54 56 3
54 57 8
54 58 7
54 59 1
54 60 5
54 61 8
54 62 2
54 63 4
54 64 5
54 65 3
54 66 8
54 67 2
54 68 2
54 69 1
54 70 5
54 71 7
54 72 3
54 73 2
54 74 2
54 75 9
54 76 9
54 77 1
54 78 9
54 79 6
54 80 4
54 81 7
54 82 3
54 83 2
54 84 3
54 85 2
54 86 8
54 87 3
54 88 4
54 89 4
54 90 8
54 91 3
54 92 5
54 93 4
54 94 3
54 95 5
54 96 5
54 97 2
54 98 4
54 99 5
55 0 8
55 1 8
55 2 1
55 3 6
55 4 1
55 5 2
55 6 8
55 7 9
55 8 6
55 9 2
55 10 4
55 11 8
55 12 7
55 13 3
55 14 4
55 15 4
55 16 8
55 17 6
55 18 9
55 19 6
55 20 3
55 21 1
55 22 8
55 23 5
55 24 7
55 25 1
55 26 6
55 27 7
55 28 9
55 29 8
55 30 5
55 31 3
55 32 2
55 33 6
55 34 7
55 35 1
55 36 8
55 37 4
55 38 1
55 39 2
55 40 4
55 41 6
55 42 4
55 43 3
55 44 3
55 45 9
55 46 8
55 47 9
55 48 6
55 49 8
55 50 7
55 51 5
55 52 7
55 53 2
55 54 1
55 55 1
55 56 9
55 57 4
55 58 2
55 59 8
55 60 4
55 61 2
55 62 8
55 63 7
55 64 4
55 65 7
55 66 1
55 67 6
55 68 8
55 69 2
55 70 5
55 71 5
55 72 6
55 73 2
55 74 9
55 75 7
55 76 9
55 77 4
55 78 9
55 79 7
55 80 8
55 81 5
55 82 6
55 83 3
55 84 2
55 85 2
55 86 9
55 87 6
55 88 6
55 89 8
55 90 5
55 91 5
55 92 1
55 93 1
55 94 6
55 95 2
55 96 7
55 97 5
55 98 5
55 99 4
56 0 4
56 1 8
56 2 1
56 3 4
56 4 7
56 5 1
56 6 5
56 7 4
56 8 8
56 9 4
56 10 2
56 11 2
56 12 7
56 13 2
56 14 1
56 15 8
56 16 8
56 17 7
56 18 7
56 19 5
56 20 7
56 21 2
56 22 3
56 23 1
56 24 8
56 25 4
56 26 7
56 27 4
56 28 1
56 29 1
56 30 4
56 31 2
56 32 1
56 33 9
56 34 9
56 35 6
56 36 7
56 37 6
56 38 9
56 39 1
56 40 4
56 41 9
56 42 4
56 43 9
56 44 6
56 45 4
56 46 3
56 47 1
56 48 1
56 49 8
56 50 9
56 51 1
56 52 9
56 53 5
56 54 6
56 55 8
56 56 8
56 57 4
56 58 5
56 59 9
56 60 6
56 61 7
56 62 1
56 63 6
56 64 1
56 65 6
56 66 4
56 67 9
56 68 3
56 69 2
56 70 4
56 71 4
56 72 3
56 73 5
56 74 1
56 75 9
56 76 1
56 77 3
56 78 5
56 79 3
56 80 2
56 81 6
56 82 3
56 83 1
56 84 3
56 85 3
56 86 7
56 87 9
56 88 8
56 89 5
56 90 7
56 91 3
56 92 3
56 93 8
56 94 9
56 95 4
56 96 2
56 97 4
56 98 9
56 99 8
57 0 3
57 1 1
57 2 2
57 3 3
57 4 5
57 5 1
57 6 9
57 7 9
57 8 7
57 9 2
57 10 3
57 11 5
57 12 4
57 13 7
57 14 8
57 15 5
57 16 4
57 17 6
57 18 7
57 19 2
57 20 1
57 21 6
57 22 9
57 23 5
57 24 2
57 25 3
57 26 9
57 27 7
57 28 9
57 29 9
57 30 7
57 31 2
57 32 5
57 33 5
57 34 7
57 35 7
57 36 5
57 37 7
57 38 1
57 39 2
57 40 9
57 41 6
57 42 3
57 43 8
57 44 6
57 45 5
57 46 6
57 47 2
57 48 1
57 49 3
57 50 2
57 51 7
57 52 9
57 53 8
57 54 7
57 55 6
57 56 9
57 57 7
57 58 7
57 59 4
57 60 5
57 61 2
57 62 7
57 63 7
57 64 3
57 65 5
57 66 8
57 67 3
57 68 9
57 69 4
57 70 4
57 71 3
57 72 3
57 73 4
57 74 8
57 75 8
57 76 4
57 77 3
57 78 1
57 79 9
57 80 7
57 81 6
57 82 3
57 83 2
57 84 5
57 85 1
57 86 7
57 87 7
57 88 1
57 89 9
57 90 9
57 91 8
57 92 8
57 93 6
57 94 7
57 95 4
57 96 9
57 97 7
57 98 4
57 99 5
58 0 2
58 1 6
58 2 9
58 3 4
58 4 7
58 5 5
58 6 6
58 7 6
58 8 2
58 9 8
58 10 3
58 11 4
58 12 5
58 13 3
58 14 6
58 15 5
58 16 1
58 17 3
58 18 3
58 19 8
58 20 6
58 21 6
58 22 5
58 23 1
58 24 5
58 25 3
58 26 1
58 27 1
58 28 9
58 29 7
58 30 1
58 31 5
58 32 4
58 33 6
58 34 7
58 35 8
58 36 7
58 37 5
58 38 4
58 39 2
58 40 2
58 41 2
58 42 6
58 43 2
58 44 5
58 45 7
58 46 4
58 47 7
58 48 8
58 49 8
58 50 9
58 51 6
58 52 2
58 53 8
58 54 9
58 55 8
58 56 8
58 57 2
58 58 4
58 59 3
58 60 8
58 61 9
58 62 7
58 63 9
58 64 6
58 65 3
58 66 6
58 67 2
58 68 4
58 69 5
58 70 4
58 71 3
58 72 8
58 73 6
58 74 7
58 75 8
58 76 1
58 77 8
58 78 9
58 79 4
58 80 3
58 81 9
58 82 9
58 83 6
58 84 8
58 85 6
58 86 3
58 87 2
58 88 3
58 89 8
58 90 5
58 91 8
58 92 5
58 93 3
58 94 3
58 95 7
58 96 1
58 97 3
58 98 2
58 99 9
59 0 1
59 1 5
59 2 4
59 3 4
59 4 2
59 5 7
59 6 7
59 7 5
59 8 7
59 9 2
59 10 2
59 11 9
59 12 8
59 13 5
59 14 8
59 15 5
59 16 2
59 17 8
59 18 2
59 19 1
59 20 5
59 21 3
59 22 1
59 23 8
59 24 6
59 25 8
59 26 5
59 27 7
59 28 6
59 29 4
59 30 2
59 31 4
59 32 1
59 33 7
59 34 7
59 35 4
59 36 2
59 37 4
59 38 7
59 39 5
59 40 5
59 41 8
59 42 3
59 43 8
59 44 5
59 45 2
59 46 3
59 47 8
59 48 9
59 49 2
59 50 8
59 51 7
59 52 1
59 53 3
59 54 8
59 55 5
59 56 3
59 57 2
59 58 1
59 59 9
59 60 9
59 61 4
59 62 5
59 63 5
59 64 4
59 65 6
59 66 7
59 67 9
59 68 9
59 69 9
59 70 3
59 71 8
59 72 2
59 73 8
59 74 5
59 75 9
59 76 1
59 77 7
59 78 1
59 79 6
59 80 8
59 81 6
59 82 9
59 83 5
59 84 1
59 85 1
59 86 5
59 87 4
59 88 2
59 89 9
59 90 3
59 91 5
59 92 3
59 93 9
59 94 4
59 95 5
59 96 9
59 97 5
59 98 3
59 99 4
60 0 7
60 1 6
60 2 3
60 3 3
60 4 4
60 5 7
60 6 5
60 7 3
60 8 1
60 9 7
60 10 3
60 11 5
60 12 6
60 13 9
60 14 3
60 15 4
60 16 1
60 17 2
60 18 7
60 19 2
60 20 6
60 21 9
60 22 3
60 23 6
60 24 8
60 25 7
60 26 1
60 27 4
60 28 7
60 29 1
60 30 9
60 31 8
60 32 5
60 33 8
60 34 5
60 35 4
60 36 8
60 37 3
60 38 1
60 39 6
60 40 3
60 41 3
60 42 4
60 43 4
60 44 8
60 45 8
60 46 4
60 47 9
60 48 1
60 49 1
60 50 8
60 51 9
60 52 9
60 53 9
60 54 5
60 55 4
60 56 7
60 57 9
60 58 1
60 59 8
60 60 1
60 61 7
60 62 9
60 63 9
60 64 4
60 65 3
60 66 6
60 67 7
60 68 6
60 69 4
60 70 2
60 71 5
60 72 6
60 73 6
60 74 4
60 75 5
60 76 1
60 77 5
60 78 5
60 79 4
60 80 6
60 81 2
60 82 4
60 83 2
60 84 9
60 85 9
60 86 2
60 87 3
60 88 3
60 89 8
60 90 3
60 91 9
60 92 2
60 93 3
60 94 5
60 95 9
60 96 8
60 97 9
60 98 2
60 99 9
61 0 8
61 1 6
61 2 5
61 3 5
61 4 2
61 5 6
61 6 3
61 7 9
61 8 9
61 9 8
61 10 4
61 11 4
61 12 7
61 13 8
61 14 4
61 15 5
61 16 9
61 17 2
61 18 7
61 19 2
61 20 7
61 21 1
61 22 5
61 23 1
61 24 4
61 25 9
61 26 4
61 27 7
61 28 5
61 29 3
61 30 2
61 31 5
61 32 9
61 33 6
61 34 5
61 35 2
61 36 8
61 37 7
61 38 6
61 39 3
61 40 9
61 41 8
61 42 7
61 43 1
61 44 2
61 45 1
61 46 8
61 47 9
61 48 2
61 49 5
61 50 1
61 51 5
61 52 7
61 53 6
61 54 5
61 55 1
61 56 9
61 57 8
61 58 4
61 59 9
61 60 8
61 61 3
61 62 7
61 63 6
61 64 5
61 65 9
61 66 6
61 67 5
61 68 5
61 69 6
61 70 2
61 71 5
61 72 8
61 73 5
61 74 7
61 75 4
61 76 8
61 77 2
61 78 4
61 79 3
61 80 2
61 81 6
61 82 8
61 83 2
61 84 1
61 85 9
61 86 7
61 87 1
61 88 3
61 89 9
61 90 5
61 91 9
61 92 6
61 93 9
61 94 9
61 95 8
61 96 8
61 97 9
61 98 3
61 99 9
62 0 5
62 1 4
62 2 9
62 3 7
62 4 7
62 5 6
62 6 3
62 7 3
62 8 1
62 9 6
62 10 6
62 11 8
62 12 2
62 13 5
62 14 7
62 15 4
62 16 4
62 17 3
62 18 3
62 19 1
62 20 2
62 21 3
62 22 4
62 23 2
62 24 1
62 25 9
62 26 1
62 27 7
62 28 4
62 29 4
62 30 7
62 31 5
62 32 4
62 33 7
62 34 4
62 35 3
62 36 5
62 37 9
62 38 1
62 39 9
62 40 8
62 41 5
62 42 9
62 43 7
62 44 8
62 45 2
62 46 3
62 47 4
62 48 2
62 49 3
62 50 6
62 51 6
62 52 1
62 53 6
62 54 9
62 55 2
62 56 7
62 57 2
62 58 1
62 59 6
62 60 5
62 61 7
62 62 3
62 63 5
62 64 3
62 65 8
62 66 7
62 67 7
62 68 3
62 69 8
62 70 6
62 71 3
62 72 9
62 73 7
62 74 1
62 75 8
62 76 9
62 77 6
62 78 4
62 79 7
62 80 4
62 81 1
62 82 9
62 83 9
62 84 3
62 85 8
62 86 3
62 87 1
62 88 2
62 89 1
62 90 9
62 91 9
62 92 4
62 93 8
62 94 5
62 95 6
62 96 8
62 97 4
62 98 2
62 99 9
63 0 8
63 1 3
63 2 1
63 3 5
63 4 7
63 5 6
63 6 4
63 7 4
63 8 7
63 9 3
63 10 4
63 11 9
63 12 8
63 13 1
63 14 9
63 15 3
63 16 9
63 17 5
63 18 8
63 19 4
63 20 3
63 21 3
63 22 2
63 23 5
63 24 7
63 25 4
63 26 7
63 27 5
63 28 7
63 29 1
63 30 2
63 31 4
63 32 2
63 33 9
63 34 4
63 35 4
63 36 6
63 37 6
63 38 3
63 39 4
63 40 2
63 41 2
63 42 6
63 43 1
63 44 9
63 45 3
63 46 3
63 47 6
63 48 7
63 49 3
63 50 6
63 51 2
63 52 5
63 53 4
63 54 5
63 55 3
63 56 4
63 57 8
63 58 6
63 59 3
63 60 1
63 61 9
63 62 6
63 63 3
63 64 2
63 65 4
63 66 4
63 67 3
63 68 4
63 69 8
63 70 7
63 71 8
63 72 4
63 73 8
63 74 8
63 75 5
63 76 1
63 77 5
63 78 4
63 79 3
63 80 6
63 81 2
63 82 1
63 83 3
63 84 9
63 85 4
63 86 3
63 87 8
63 88 3
63 89 8
63 90 9
63 91 9
63 92 6
63 93 4
63 94 2
63 95 3
63 96 7
63 97 8
63 98 7
63 99 9
64 0 1
64 1 3
64 2 4
64 3 9
64 4 3
64 5 8
64 6 2
64 7 8
64 8 9
64 9 4
64 10 7
64 11 2
64 12 2
64 13 6
64 14 7
64 15 2
64 16 6
64 17 2
64 18 7
64 19 3
64 20 7
64 21 8
64 22 7
64 23 7
64 24 7
64 25 4
64 26 1
64 27 5
64 28 6
64 29 9
64 30 5
64 31 7
64 32 2
64 33 5
64 34 5
64 35 9
64 36 1
64 37 7
64 38 2
64 39 3
64 40 7
64 41 9
64 42 2
64 43 9
64 44 8
64 45 2
64 46 7
64 47 7
64 48 2
64 49 5
64 50 1
64 51 1
64 52 6
64 53 8
64 54 8
64 55 4
64 56 7
64 57 8
64 58 4
64 59 6
64 60 7
64 61 7
64 62 5
64 63 9
64 64 5
64 65 7
64 66 9
64 67 1
64 68 6
64 69 9
64 70 8
64 71 3
64 72 5
64 73 5
64 74 4
64 75 1
64 76 5
64 77 8
64 78 7
64 79 2
64 80 9
64 81 2
64 82 3
64 83 6
64 84 3
64 85 9
64 86 5
64 87 2
64 88 4
64 89 2
64 90 6
64 91 7
64 92 1
64 93 5
64 94 3
64 95 4
64 96 3
64 97 5
64 98 9
64 99 1
65 0 3
65 1 8
65 2 6
65 3 5
65 4 8
65 5 1
65 6 9
65 7 9
65 8 5
65 9 5
65 10 2
65 11 7
65 12 8
65 13 6
65 14 3
65 15 7
65 16 4
65 17 9
65 18 5
65 19 5
65 20 6
65 21 3
65 22 2
65 23 9
65 24 9
65 25 8
65 26 5
65 27 1
65 28 4
65 29 1
65 30 8
65 31 3
65 32 3
65 33 5
65 34 3
65 35 3
65 36 6
65 37 8
65 38 2
65 39 6
65 40 8
65 41 9
65 42 2
65 43 9
65 44 9
65 45 8
65 46 6
65 47 1
65 48 1
65 49 6
65 50 9
65 51 3
65 52 3
65 53 9
65 54 8
65 55 5
65 56 8
65 57 5
65 58 3
65 59 6
65 60 8
65 61 9
65 62 6
65 63 7
65 64 8
65 65 6
65 66 3
65 67 5
65 68 2
65 69 9
65 70 7
65 71 6
65 72 1
65 73 2
65 74 9
65 75 8
65 76 2
65 77 3
65 78 5
65 79 2
65 80 4
65 81 8
65 82 6
65 83 9
65 84 6
65 85 5
65 86 1
65 87 9
65 88 8
65 89 1
65 90 3
65 91 1
65 92 5
65 93 1
65 94 4
65 95 3
65 96 4
65 97 6
65 98 1
65 99 1
66 0 4
66 1 7
66 2 3
66 3 1
66 4 5
66 5 3
66 6 1
66 7 1
66 8 1
66 9 8
66 10 8
66 11 8
66 12 4
66 13 4
66 14 9
66 15 9
66 16 5
66 17 5
66 18 1
66 19 1
66 20 4
66 21 7
66 22 5
66 23 8
66 24 6
66 25 9
66 26 2
66 27 5
66 28 9
66 29 2
66 30 9
66 31 5
66 32 8
66 33 6
66 34 1
66 35 1
66 36 8
66 37 7
66 38 8
66 39 7
66 40 1
66 41 9
66 42 7
66 43 7
66 44 3
66 45 1
66 46 8
66 47 9
66 48 7
66 49 9
66 50 1
66 51 8
66 52 6
66 53 1
66 54 4
66 55 7
66 56 1
66 57 2
66 58 2
66 59 4
66 60 9
66 61 8
66 62 3
66 63 9
66 64 1
66 65 7
66 66 3
66 67 1
66 68 3
66 69 9
66 70 6
66 71 7
66 72 9
66 73 4
66 74 1
66 75 1
66 76 4
66 77 9
66 78 1
66 79 3
66 80 9
66 81 3
66 82 7
66 83 7
66 84 9
66 85 1
66 86 7
66 87 3
66 88 2
66 89 8
66 90 6
66 91 4
66 92 4
66 93 7
66 94 2
66 95 9
66 96 8
66 97 3
66 98 2
66 99 9
67 0 8
67 1 4
67 2 8
67 3 1
67 4 3
67 5 7
67 6 6
67 7 7
67 8 8
67 9 7
67 10 8
67 11 4
67 12 1
67 13 4
67 14 3
67 15 9
67 16 3
67 17 8
67 18 2
67 19 9
67 20 5
67 21 2
67 22 7
67 23 1
67 24 6
67 25 3
67 26 4
67 27 5
67 28 8
67 29 6
67 30 1
67 31 7
67 32 2
67 33 9
67 34 1
67 35 3
67 36 4
67 37 9
67 38 1
67 39 7
67 40 2
67 41 3
67 42 5
67 43 4
67 44 6
67 45 3
67 46 6
67 47 1
67 48 4
67 49 5
67 50 3
67 51 2
67 52 2
67 53 2
67 54 1
67 55 3
67 56 3
67 57 7
67 58 5
67 59 1
67 60 6
67 61 2
67 62 6
67 63 7
67 64 2
67 65 9
67 66 1
67 67 8
67 68 8
67 69 4
67 70 4
67 71 8
67 72 5
67 73 3
67 74 4
67 75 3
67 76 4
67 77 1
67 78 7
67 79 5
67 80 9
67 81 2
67 82 7
67 83 9
67 84 6
67 85 8
67 86 3
67 87 3
67 88 7
67 89 8
67 90 7
67 91 4
67 92 2
67 93 8
67 94 5
67 95 2
67 96 5
67 97 4
67 98 7
67 99 3
68 0 3
68 1 4
68 2 7
68 3 5
68 4 8
68 5 3
68 6 1
68 7 7
68 8 8
68 9 1
68 10 7
68 11 3
68 12 6
68 13 6
68 14 3
68 15 9
68 16 1
68 17 1
68 18 7
68 19 1
68 20 3
68 21 1
68 22 3
68 23 6
68 24 4
68 25 8
68 26 5
68 27 5
68 28 4
68 29 7
68 30 5
68 31 8
68 32 5
68 33 2
68 34 1
68 35 7
68 36 9
68 37 4
68 38 1
68 39 8
68 40 5
68 41 9
68 42 4
68 43 5
68 44 2
68 45 4
68 46 6
68 47 6
68 48 6
68 49 3
68 50 5
68 51 2
68 52 9
68 53 9
68 54 3
68 55 7
68 56 7
68 57 3
68 58 2
68 59 5
68 60 1
68 61 9
68 62 8
68 63 1
68 64 5
68 65 4
68 66 5
68 67 3
68 68 6
68 69 8
68 70 6
68 71 6
68 72 5
68 73 2
68 74 9
68 75 2
68 76 4
68 77 9
68 78 4
68 79 5
68 80 2
68 81 2
68 82 5
68 83 6
68 84 6
68 85 5
68 86 7
68 87 9
68 88 8
68 89 2
68 90 6
68 91 6
68 92 6
68 93 4
68 94 9
68 95 1
68 96 9
68 97 2
68 98 8
68 99 8
69 0 7
69 1 4
69 2 6
69 3 1
69 4 2
69 5 9
69 6 1
69 7 4
69 8 8
69 9 9
69 10 8
69 11 9
69 12 4
69 13 5
69 14 7
69 15 9
69 16 4
69 17 3
69 18 3
69 19 8
69 20 3
69 21 5
69 22 7
69 23 3
69 24 1
69 25 2
69 26 2
69 27 5
69 28 4
69 29 5
69 30 1
69 31 2
69 32 5
69 33 2
69 34 8
69 35 2
69 36 1
69 37 9
69 38 9
69 39 1
69 40 4
69 41 1
69 42 4
69 43 9
69 44 9
69 45 7
69 46 3
69 47 1
69 48 2
69 49 3
69 50 2
69 51 5
69 52 6
69 53 7
69 54 5
69 55 3
69 56 2
69 57 1
69 58 8
69 59 4
69 60 3
69 61 6
69 62 3
69 63 3
69 64 8
69 65 6
69 66 8
69 67 5
69 68 1
69 69 5
69 70 9
69 71 7
69 72 5
69 73 2
69 74 6
69 75 6
69 76 2
69 77 9
69 78 6
69 79 3
69 80 8
69 81 4
69 82 4
69 83 9
69 84 8
69 85 7
69 86 5
69 87 1
69 88 3
69 89 4
69 90 1
69 91 1
69 92 5
69 93 8
69 94 9
69 95 3
69 96 1
69 97 1
69 98 9
69 99 9
70 0 3
70 1 7
70 2 1
70 3 3
70 4 3
70 5 8
70 6 4
70 7 9
70 8 5
70 9 7
70 10 4
70 11 8
70 12 1
70 13 6
70 14 8
70 15 4
70 16 9
70 17 2
70 18 2
70 19 8
70 20 9
70 21 5
70 22 8
70 23 5
70 24 6
70 25 3
70 26 2
70 27 1
70 28 7
70 29 7
70 30 6
70 31 2
70 32 9
70 33 4
70 34 7
70 35 5
70 36 9
70 37 4
70 38 4
70 39 5
70 40 5
70 41 5
70 42 1
70 43 8
70 44 9
70 45 7
70 46 4
70 47 7
70 48 7
70 49 5
70 50 2
70 51 8
70 52 7
70 53 5
70 54 6
70 55 3
70 56 5
70 57 6
70 58 7
70 59 2
70 60 3
70 61 1
70 62 4
70 63 7
70 64 5
70 65 2
70 66 6
70 67 1
70 68 7
70 69 7
70 70 7
70 71 2
70 72 4
70 73 4
70 74 5
70 75 8
70 76 5
70 77 5
70 78 7
70 79 2
70 80 1
70 81 6
70 82 5
70 83 2
70 84 4
70 85 4
70 86 5
70 87 9
70 88 7
70 89 4
70 90 5
70 91 8
70 92 7
70 93 7
70 94 9
70 95 4
70 96 6
70 97 5
70 98 8
70 99 1
71 0 7
71 1 2
71 2 6
71 3 8
71 4 8
71 5 5
71 6 6
71 7 1
71 8 5
71 9 4
71 10 2
71 11 6
71 12 7
71 13 9
71 14 7
71 15 5
71 16 1
71 17 1
71 18 6
71 19 7
71 20 5
71 21 4
71 22 9
71 23 2
71 24 1
71 25 2
71 26 3
71 27 7
71 28 7
71 29 2
71 30 8
71 31 5
71 32 4
71 33 3
71 34 2
71 35 3
71 36 1
71 37 3
71 38 8
71 39 2
71 40 1
71 41 2
71 42 4
71 43 9
71 44 7
71 45 4
71 46 9
71 47 5
71 48 6
71 49 8
71 50 3
71 51 3
71 52 3
71 53 4
71 54 5
71 55 8
71 56 6
71 57 4
71 58 3
71 59 3
71 60 8
71 61 5
71 62 2
71 63 8
71 64 7
71 65 8
71 66 5
71 67 1
71 68 9
71 69 1
71 70 5
71 71 7
71 72 5
71 73 7
71 74 3
71 75 4
71 76 6
71 77 5
71 78 7
71 79 1
71 80 7
71 81 3
71 82 7
71 83 7
71 84 1
71 85 6
71 86 2
71 87 8
71 88 8
71 89 6
71 90 7
71 91 5
71 92 4
71 93 7
71 94 3
71 95 2
71 96 1
71 97 2
71 98 9
71 99 5
72 0 9
72 1 7
72 2 9
72 3 9
72 4 1
72 5 8
72 6 9
72 7 2
72 8 8
72 9 1
72 10 8
72 11 3
72 12 8
72 13 2
72 14 6
72 15 5
72 16 6
72 17 9
72 18 7
72 19 8
72 20 2
72 21 8
72 22 8
72 23 6
72 24 6
72 25 2
72 26 3
72 27 1
72 28 5
72 29 3
72 30 1
72 31 7
72 32 4
72 33 7
72 34 9
72 35 5
72 36 2
72 37 2
72 38 3
72 39 1
72 40 8
72 41 2
72 42 5
72 43 6
72 44 3
72 45 7
72 46 2
72 47 2
72 48 7
72 49 2
72 50 3
72 51 8
72 52 9
72 53 2
72 54 9
72 55 6
72 56 6
72 57 6
72 58 2
72 59 8
72 60 6
72 61 7
72 62 6
72 63 8
72 64 8
72 65 2
72 66 8
72 67 1
72 68 5
72 69 3
72 70 1
72 71 5
72 72 9
72 73 1
72 74 3
72 75 9
72 76 4
72 77 9
72 78 1
72 79 2
72 80 1
72 81 4
72 82 4
72 83 5
72 84 4
72 85 2
72 86 4
72 87 9
72 88 8
72 89 2
72 90 5
72 91 7
72 92 1
72 93 8
72 94 8
72 95 5
72 96 2
72 97 5
72 98 5
72 99 6
73 0 7
73 1 4
73 2 3
73 3 6
73 4 9
73 5 7
73 6 5
73 7 9
73 8 4
73 9 4
73 10 2
73 11 2
73 12 8
73 13 7
73 14 2
73 15 4
73 16 1
73 17 8
73 18 9
73 19 1
73 20 3
73 21 3
73 22 2
73 23 3
73 24 8
73 25 8
73 26 1
73 27 3
73 28 4
73 29 9
73 30 2
73 31 7
73 32 3
73 33 2
73 34 1
73 35 9
73 36 6
73 37 5
73 38 3
73 39 7
73 40 9
73 41 5
73 42 4
73 43 1
73 44 1
73 45 6
73 46 6
73 47 2
73 48 6
73 49 5
73 50 7
73 51 1
73 52 1
73 53 8
73 54 8
73 55 5
73 56 5
73 57 9
73 58 1
73 59 4
73 60 1
73 61 8
73 62 8
73 63 7
73 64 3
73 65 3
73 66 7
73 67 9
73 68 3
73 69 7
73 70 2
73 71 9
73 72 9
73 73 2
73 74 7
73 75 1
73 76 9
73 77 8
73 78 6
73 79 6
73 80 1
73 81 9
73 82 1
73 83 7
73 84 7
73 85 6
73 86 2
73 87 4
73 88 1
73 89 6
73 90 7
73 91 2
73 92 7
73 93 4
73 94 2
73 95 7
73 96 9
73 97 3
73 98 8
73 99 1
74 0 3
74 1 9
74 2 4
74 3 5
74 4 9
74 5 7
74 6 2
74 7 9
74 8 7
74 9 9
74 10 4
74 11 7
74 12 5
74 13 5
74 14 3
74 15 8
74 16 5
74 17 4
74 18 1
74 19 7
74 20 1
74 21 1
74 22 9
74 23 1
74 24 7
74 25 5
74 26 2
74 27 8
74 28 4
74 29 8
74 30 6
74 31 9
74 32 3
74 33 7
74 34 3
74 35 5
74 36 7
74 37 6
74 38 5
74 39 9
74 40 2
74 41 3
74 42 1
74 43 9
74 44 4
74 45 3
74 46 2
74 47 7
74 48 3
74 49 4
74 50 8
74 51 5
74 52 5
74 53 5
74 54 7
74 55 2
74 56 9
74 57 4
74 58 2
74 59 9
74 60 9
74 61 8
74 62 2
74 63 8
74 64 5
74 65 3
74 66 4
74 67 9
74 68 5
74 69 1
74 70 4
74 71 3
74 72 2
74 73 8
74 74 8
74 75 5
74 76 9
74 77 4
74 78 6
74 79 8
74 80 8
74 81 8
74 82 6
74 83 4
74 84 9
74 85 5
74 86 9
74 87 3
74 88 1
74 89 6
74 90 7
74 91 6
74 92 7
74 93 6
74 94 1
74 95 5
74 96 1
74 97 1
74 98 5
74 99 9
75 0 3
75 1 8
75 2 6
75 3 7
75 4 9
75 5 5
75 6 8
75 7 1
75 8 5
75 9 3
75 10 9
75 11 8
75 12 7
75 13 7
75 14 1
75 15 2
75 16 6
75 17 4
75 18 6
75 19 1
75 20 7
75 21 9
75 22 8
75 23 8
75 24 5
75 25 5
75 26 5
75 27 2
75 28 6
75 29 2
75 30 8
75 31 6
75 32 4
75 33 1
75 34 1
75 35 3
75 36 7
75 37 6
75 38 7
75 39 5
75 40 2
75 41 5
75 42 5
75 43 5
75 44 2
75 45 8
75 46 7
75 47 8
75 48 9
75 49 8
75 50 2
75 51 8
75 52 3
75 53 4
75 54 5
75 55 9
75 56 7
75 57 9
75 58 3
75 59 2
75 60 3
75 61 8
75 62 9
75 63 4
75 64 7
75 65 4
75 66 4
75 67 6
75 68 5
75 69 7
75 70 6
75 71 4
75 72 5
75 73 9
75 74 6
75 75 6
75 76 8
75 77 2
75 78 6
75 79 5
75 80 3
75 81 3
75 82 3
75 83 7
75 84 6
75 85 5
75 86 8
75 87 8
75 88 7
75 89 1
75 90 9
75 91 6
75 92 3
75 93 4
75 94 4
75 95 2
75 96 2
75 97 3
75 98 4
75 99 3
76 0 5
76 1 5
76 2 4
76 3 2
76 4 8
76 5 4
76 6 4
76 7 6
76 8 6
76 9 4
76 10 6
76 11 3
76 12 9
76 13 1
76 14 6
76 15 4
76 16 2
76 17 5
76 18 5
76 19 8
76 20 6
76 21 3
76 22 3
76 23 7
76 24 9
76 25 7
76 26 7
76 27 1
76 28 2
76 29 1
76 30 8
76 31 2
76 32 4
76 33 2
76 34 4
76 35 4
76 36 5
76 37 3
76 38 8
76 39 5
76 40 2
76 41 9
76 42 7
76 43 3
76 44 5
76 45 4
76 46 5
76 47 5
76 48 7
76 49 3
76 50 8
76 51 7
76 52 7
76 53 4
76 54 5
76 55 7
76 56 9
76 57 2
76 58 3
76 59 7
76 60 3
76 61 9
76 62 9
76 63 7
76 64 8
76 65 9
76 66 6
76 67 8
76 68 3
76 69 2
76 70 1
76 71 3
76 72 7
76 73 6
76 74 2
76 75 8
76 76 1
76 77 2
76 78 7
76 79 1
76 80 3
76 81 6
76 82 5
76 83 9
76 84 8
76 85 3
76 86 3
76 87 1
76 88 9
76 89 1
76 90 4
76 91 3
76 92 2
76 93 3
76 94 4
76 95 8
76 96 8
76 97 6
76 98 4
76 99 9
77 0 6
77 1 2
77 2 4
77 3 5
77 4 1
77 5 4
77 6 4
77 7 3
77 8 5
77 9 2
77 10 6
77 11 3
77 12 5
77 13 4
77 14 1
77 15 5
77 16 4
77 17 9
77 18 9
77 19 3
77 20 3
77 21 9
77 22 3
77 23 1
77 24 9
77 25 9
77 26 3
77 27 2
77 28 2
77 29 9
77 30 6
77 31 9
77 32 6
77 33 5
77 34 5
77 35 4
77 36 4
77 37 7
77 38 4
77 39 4
77 40 9
77 41 3
77 42 8
77 43 4
77 44 9
77 45 3
77 46 5
77 47 7
77 48 4
77 49 7
77 50 7
77 51 2
77 52 6
77 53 1
77 54 5
77 55 3
77 56 5
77 57 3
77 58 9
77 59 9
77 60 7
77 61 5
77 62 3
77 63 2
77 64 8
77 65 4
77 66 3
77 67 2
77 68 6
77 69 3
77 70 9
77 71 6
77 72 2
77 73 9
77 74 6
77 75 2
77 76 7
77 77 1
77 78 6
77 79 1
77 80 6
77 81 2
77 82 9
77 83 8
77 84 1
77 85 6
77 86 7
77 87 8
77 88 1
77 89 5
77 90 7
77 91 7
77 92 1
77 93 3
77 94 5
77 95 7
77 96 2
77 97 7
77 98 7
77 99 8
78 0 1
78 1 3
78 2 1
78 3 3
78 4 4
78 5 8
78 6 9
78 7 9
78 8 7
78 9 7
78 10 9
78 11 9
78 12 5
78 13 5
78 14 7
78 15 6
78 16 9
78 17 9
78 18 2
78 19 8
78 20 6
78 21 7
78 22 1
78 23 4
78 24 4
78 25 8
78 26 1
78 27 3
78 28 2
78 29 1
78 30 7
78 31 8
78 32 1
78 33 7
78 34 7
78 35 7
78 36 5
78 37 3
78 38 1
78 39 1
78 40 5
78 41 1
78 42 2
78 43 3
78 44 5
78 45 2
78 46 1
78 47 6
78 48 4
78 49 7
78 50 5
78 51 2
78 52 6
78 53 8
78 54 4
78 55 9
78 56 1
78 57 8
78 58 9
78 59 7
78 60 2
78 61 1
78 62 6
78 63 9
78 64 2
78 65 8
78 66 8
78 67 7
78 68 6
78 69 9
78 70 2
78 71 3
78 72 7
78 73 5
78 74 1
78 75 6
78 76 5
78 77 7
78 78 9
78 79 6
78 80 4
78 81 9
78 82 7
78 83 9
78 84 7
78 85 6
78 86 7
78 87 5
78 88 3
78 89 5
78 90 9
78 91 4
78 92 6
78 93 6
78 94 4
78 95 4
78 96 5
78 97 1
78 98 5
78 99 2
79 0 9
79 1 6
79 2 5
79 3 2
79 4 5
79 5 2
79 6 3
79 7 4
79 8 9
79 9 6
79 10 6
79 11 1
79 12 2
79 13 7
79 14 2
79 15 5
79 16 5
79 17 1
79 18 2
79 19 6
79 20 3
79 21 9
79 22 2
79 23 7
79 24 9
79 25 7
79 26 3
79 27 5
79 28 2
79 29 9
79 30 6
79 31 4
79 32 4
79 33 6
79 34 7
79 35 5
79 36 3
79 37 3
79 38 5
79 39 5
79 40 5
79 41 9
79 42 2
79 43 6
79 44 6
79 45 4
79 46 1
79 47 2
79 48 4
79 49 7
79 50 8
79 51 4
79 52 9
79 53 4
79 54 1
79 55 4
79 56 3
79 57 5
79 58 9
79 59 8
79 60 8
79 61 5
79 62 3
79 63 5
79 64 4
79 65 4
79 66 1
79 67 7
79 68 8
79 69 2
79 70 4
79 71 2
79 72 9
79 73 8
79 74 2
79 75 9
79 76 9
79 77 4
79 78 7
79 79 3
79 80 5
79 81 1
79 82 1
79 83 6
79 84 6
79 85 4
79 86 2
79 87 7
79 88 9
79 89 4
79 90 7
79 91 1
79 92 5
79 93 2
79 94 1
79 95 2
79 96 8
79 97 1
79 98 4
79 99 6
80 0 6
80 1 9
80 2 5
80 3 5
80 4 9
80 5 3
80 6 4
80 7 1
80 8 6
80 9 1
80 10 2
80 11 6
80 12 7
80 13 9
80 14 6
80 15 5
80 16 3
80 17 3
80 18 6
80 19 4
80 20 3
80 21 3
80 22 8
80 23 2
80 24 2
80 25 8
80 26 3
80 27 8
80 28 3
80 29 7
80 30 5
80 31 7
80 32 1
80 33 9
80 34 7
80 35 4
80 36 7
80 37 1
80 38 8
80 39 1
80 40 2
80 41 8
80 42 1
80 43 8
80 44 2
80 45 1
80 46 6
80 47 6
80 48 5
80 49 2
80 50 8
80 51 3
80 52 6
80 53 8
80 54 2
80 55 6
80 56 4
80 57 9
80 58 2
80 59 2
80 60 6
80 61 4
80 62 7
80 63 3
80 64 8
80 65 8
80 66 8
80 67 5
80 68 3
80 69 5
80 70 6
80 71 4
80 72 2
80 73 3
80 74 7
80 75 6
80 76 8
80 77 6
80 78 3
80 79 8
80 80 5
80 81 2
80 82 3
80 83 7
80 84 1
80 85 7
80 86 4
80 87 4
80 88 5
80 89 7
80 90 1
80 91 7
80 92 5
80 93 8
80 94 8
80 95 2
80 96 4
80 97 3
80 98 3
80 99 7
81 0 5
81 1 6
81 2 4
81 3 7
81 4 9
81 5 3
81 6 6
81 7 1
81 8 4
81 9 5
81 10 8
81 11 8
81 12 7
81 13 2
81 14 4
81 15 8
81 16 5
81 17 3
81 18 9
81 19 5
81 20 5
81 21 5
81 22 7
81 23 1
81 24 7
81 25 9
81 26 7
81 27 5
81 28 4
81 29 2
81 30 9
81 31 3
81 32 1
81 33 9
81 34 4
81 35 4
81 36 1
81 37 4
81 38 7
81 39 5
81 40 3
81 41 4
81 42 4
81 43 7
81 44 9
81 45 3
81 46 5
81 47 1
81 48 8
81 49 3
81 50 7
81 51 7
81 52 9
81 53 5
81 54 5
81 55 8
81 56 4
81 57 6
81 58 5
81 59 8
81 60 3
81 61 8
81 62 2
81 63 6
81 64 7
81 65 3
81 66 9
81 67 1
81 68 3
81 69 8
81 70 6
81 71 6
81 72 1
81 73 9
81 74 3
81 75 8
81 76 2
81 77 1
81 78 5
81 79 1
81 80 5
81 81 7
81 82 5
81 83 5
81 84 2
81 85 4
81 86 8
81 87 3
81 88 1
81 89 6
81 90 8
81 91 2
81 92 4
81 93 1
81 94 3
81 95 1
81 96 1
81 97 3
81 98 6
81 99 7
82 0 8
82 1 9
82 2 8
82 3 4
82 4 2
82 5 2
82 6 8
82 7 9
82 8 5
82 9 5
82 10 3
82 11 4
82 12 5
82 13 4
82 14 3
82 15 9
82 16 7
82 17 1
82 18 8
82 19 1
82 20 8
82 21 4
82 22 1
82 23 4
82 24 3
82 25 5
82 26 3
82 27 1
82 28 9
82 29 9
82 30 1
82 31 3
82 32 8
82 33 1
82 34 2
82 35 7
82 36 8
82 37 6
82 38 8
82 39 5
82 40 2
82 41 1
82 42 9
82 43 9
82 44 4
82 45 4
82 46 8
82 47 7
82 48 2
82 49 3
82 50 5
82 51 7
82 52 6
82 53 4
82 54 5
82 55 7
82 56 6
82 57 2
82 58 5
82 59 5
82 60 2
82 61 4
82 62 2
82 63 7
82 64 8
82 65 8
82 66 8
82 67 8
82 68 9
82 69 6
82 70 6
82 71 3
82 72 1
82 73 7
82 74 8
82 75 4
82 76 7
82 77 7
82 78 9
82 79 2
82 80 1
82 81 8
82 82 8
82 83 8
82 84 6
82 85 7
82 86 9
82 87 1
82 88 2
82 89 5
82 90 7
82 91 1
82 92 1
82 93 9
82 94 4
82 95 6
82 96 6
82 97 9
82 98 9
82 99 2
83 0 7
83 1 4
83 2 1
83 3 4
83 4 5
83 5 6
83 6 9
83 7 1
83 8 6
83 9 6
83 10 6
83 11 5
83 12 2
83 13 7
83 14 3
83 15 4
83 16 4
83 17 8
83 18 5
83 19 7
83 20 3
83 21 6
83 22 3
83 23 5
83 24 6
83 25 9
83 26 7
83 27 1
83 28 2
83 29 1
83 30 6
83 31 2
83 32 1
83 33 4
83 34 9
83 35 2
83 36 6
83 37 8
83 38 5
83 39 4
83 40 5
83 41 5
83 42 1
83 43 9
83 44 6
83 45 2
83 46 5
83 47 3
83 48 6
83 49 4
83 50 4
83 51 9
83 52 4
83 53 2
83 54 3
83 55 7
83 56 2
83 57 5
83 58 7
83 59 3
83 60 9
83 61 6
83 62 6
83 63 2
83 64 8
83 65 6
83 66 9
83 67 9
83 68 2
83 69 4
83 70 3
83 71 2
83 72 4
83 73 7
83 74 2
83 75 6
83 76 2
83 77 3
83 78 6
83 79 1
83 80 9
83 81 7
83 82 6
83 83 2
83 84 5
83 85 5
83 86 9
83 87 6
83 88 1
83 89 6
83 90 1
83 91 1
83 92 3
83 93 4
83 94 4
83 95 5
83 96 4
83 97 3
83 98 8
83 99 9
84 0 7
84 1 4
84 2 1
84 3 5
84 4 4
84 5 5
84 6 7
84 7 1
84 8 8
84 9 3
84 10 7
84 11 9
84 12 9
84 13 5
84 14 9
84 15 7
84 16 4
84 17 4
84 18 1
84 19 2
84 20 5
84 21 9
84 22 8
84 23 4
84 24 5
84 25 5
84 26 6
84 27 6
84 28 4
84 29 3
84 30 4
84 31 9
84 32 9
84 33 8
84 34 8
84 35 3
84 36 7
84 37 6
84 38 1
84 39 6
84 40 2
84 41 7
84 42 3
84 43 5
84 44 3
84 45 8
84 46 1
84 47 9
84 48 1
84 49 1
84 50 9
84 51 5
84 52 9
84 53 2
84 54 5
84 55 6
84 56 2
84 57 3
84 58 8
84 59 9
84 60 6
84 61 7
84 62 2
84 63 1
84 64 1
84 65 7
84 66 9
84 67 7
84 68 9
84 69 8
84 70 3
84 71 4
84 72 6
84 73 1
84 74 3
84 75 3
84 76 9
84 77 4
84 78 6
84 79 6
84 80 1
84 81 8
84 82 1
84 83 1
84 84 9
84 85 9
84 86 9
84 87 9
84 88 6
84 89 2
84 90 2
84 91 6
84 92 9
84 93 1
84 94 6
84 95 8
84 96 7
84 97 1
84 98 3
84 99 6
85 0 5
85 1 6
85 2 2
85 3 5
85 4 6
85 5 6
85 6 4
85 7 8
85 8 4
85 9 5
85 10 2
85 11 7
85 12 3
85 13 2
85 14 2
85 15 8
85 16 7
85 17 1
85 18 9
85 19 7
85 20 1
85 21 3
85 22 6
85 23 5
85 24 7
85 25 9
85 26 5
85 27 2
85 28 3
85 29 1
85 30 3
85 31 1
85 32 2
85 33 6
85 34 9
85 35 3
85 36 2
85 37 1
85 38 2
85 39 8
85 40 8
85 41 3
85 42 1
85 43 3
85 44 1
85 45 5
85 46 5
85 47 1
85 48 3
85 49 8
85 50 3
85 51 5
85 52 2
85 53 3
85 54 8
85 55 4
85 56 1
85 57 5
85 58 7
85 59 5
85 60 1
85 61 5
85 62 4
85 63 8
85 64 2
85 65 2
85 66 6
85 67 4
85 68 1
85 69 9
85 70 4
85 71 6
85 72 8
85 73 7
85 74 8
85 75 4
85 76 5
85 77 3
85 78 6
85 79 1
85 80 5
85 81 3
85 82 4
85 83 8
85 84 9
85 85 5
85 86 8
85 87 4
85 88 2
85 89 2
85 90 8
85 91 2
85 92 3
85 93 9
85 94 1
85 95 5
85 96 4
85 97 1
85 98 3
85 99 9
86 0 7
86 1 7
86 2 2
86 3 8
86 4 6
86 5 9
86 6 5
86 7 1
86 8 8
86 9 4
86 10 5
86 11 6
86 12 1
86 13 9
86 14 6
86 15 6
86 16 3
86 17 5
86 18 6
86 19 3
86 20 6
86 21 4
86 22 3
86 23 3
86 24 2
86 25 1
86 26 9
86 27 1
86 28 6
86 29 3
86 30 2
86 31 1
86 32 6
86 33 3
86 34 8
86 35 4
86 36 9
86 37 7
86 38 8
86 39 4
86 40 5
86 41 9
86 42 9
86 43 3
86 44 4
86 45 2
86 46 8
86 47 9
86 48 3
86 49 8
86 50 4
86 51 3
86 52 3
86 53 1
86 54 4
86 55 3
86 56 6
86 57 6
86 58 9
86 59 8
86 60 5
86 61 8
86 62 9
86 63 5
86 64 2
86 65 8
86 66 5
86 67 7
86 68 2
86 69 6
86 70 6
86 71 4
86 72 8
86 73 6
86 74 8
86 75 5
86 76 2
86 77 8
86 78 5
86 79 5
86 80 8
86 81 7
86 82 8
86 83 9
86 84 9
86 85 1
86 86 1
86 87 7
86 88 6
86 89 4
86 90 8
86 91 2
86 92 1
86 93 8
86 94 6
86 95 5
86 96 2
86 97 3
86 98 8
86 99 4
87 0 9
87 1 8
87 2 7
87 3 1
87 4 5
87 5 9
87 6 1
87 7 6
87 8 6
87 9 4
87 10 6
87 11 9
87 12 2
87 13 6
87 14 9
87 15 8
87 16 2
87 17 8
87 18 3
87 19 4
87 20 3
87 21 3
87 22 5
87 23 4
87 24 5
87 25 9
87 26 6
87 27 9
87 28 3
87 29 7
87 30 5
87 31 6
87 32 9
87 33 6
87 34 1
87 35 7
87 36 2
87 37 9
87 38 9
87 39 7
87 40 6
87 41 4
87 42 5
87 43 1
87 44 5
87 45 5
87 46 6
87 47 6
87 48 5
87 49 5
87 50 9
87 51 9
87 52 7
87 53 2
87 54 7
87 55 7
87 56 2
87 57 3
87 58 7
87 59 8
87 60 7
87 61 3
87 62 8
87 63 9
87 64 7
87 65 1
87 66 4
87 67 8
87 68 9
87 69 7
87 70 5
87 71 7
87 72 7
87 73 2
87 74 7
87 75 2
87 76 1
87 77 3
87 78 8
87 79 7
87 80 9
87 81 8
87 82 8
87 83 8
87 84 1
87 85 2
87 86 2
87 87 5
87 88 3
87 89 9
87 90 5
87 91 1
87 92 7
87 93 5
87 94 2
87 95 3
87 96 4
87 97 7
87 98 6
87 99 1
88 0 7
88 1 7
88 2 8
88 3 5
88 4 4
88 5 6
88 6 9
88 7 2
88 8 2
88 9 2
88 10 3
88 11 9
88 12 1
88 13 1
88 14 2
88 15 1
88 16 4
88 17 2
88 18 8
88 19 9
88 20 1
88 21 6
88 22 3
88 23 5
88 24 8
88 25 8
88 26 8
88 27 4
88 28 3
88 29 6
88 30 9
88 31 6
88 32 5
88 33 7
88 34 2
88 35 7
88 36 2
88 37 6
88 38 5
88 39 8
88 40 5
88 41 8
88 42 5
88 43 9
88 44 2
88 45 5
88 46 9
88 47 7
88 48 2
88 49 8
88 50 1
88 51 2
88 52 8
88 53 1
88 54 9
88 55 5
88 56 2
88 57 5
88 58 3
88 59 4
88 60 7
88 61 8
88 62 3
88 63 9
88 64 6
88 65 1
88 66 5
88 67 4
88 68 5
88 69 2
88 70 9
88 71 4
88 72 6
88 73 5
88 74 1
88 75 2
88 76 1
88 77 1
88 78 5
88 79 5
88 80 2
88 81 2
88 82 2
88 83 6
88 84 4
88 85 5
88 86 9
88 87 2
88 88 3
88 89 5
88 90 9
88 91 4
88 92 2
88 93 3
88 94 1
88 95 5
88 96 6
88 97 4
88 98 7
88 99 7
89 0 6
89 1 2
89 2 5
89 3 6
89 4 2
89 5 9
89 6 7
89 7 1
89 8 7
89 9 5
89 10 3
89 11 3
89 12 9
89 13 9
89 14 5
89 15 7
89 16 9
89 17 5
89 18 3
89 19 3
89 20 9
89 21 3
89 22 5
89 23 5
89 24 2
89 25 1
89 26 4
89 27 5
89 28 6
89 29 9
89 30 6
89 31 9
89 32 8
89 33 4
89 34 6
89 35 6
89 36 4
89 37 5
89 38 6
89 39 8
89 40 1
89 41 9
89 42 6
89 43 2
89 44 3
89 45 4
89 46 2
89 47 9
89 48 5
89 49 1
89 50 6
89 51 1
89 52 5
89 53 5
89 54 3
89 55 5
89 56 1
89 57 8
89 58 2
89 59 1
89 60 9
89 61 6
89 62 9
89 63 2
89 64 3
89 65 6
89 66 3
89 67 7
89 68 1
89 69 9
89 70 7
89 71 7
89 72 9
89 73 8
89 74 1
89 75 2
89 76 7
89 77 8
89 78 5
89 79 5
89 80 7
89 81 9
89 82 7
89 83 5
89 84 6
89 85 1
89 86 9
89 87 1
89 88 8
89 89 4
89 90 4
89 91 6
89 92 5
89 93 5
89 94 6
89 95 7
89 96 6
89 97 1
89 98 1
89 99 8
90 0 6
90 1 1
90 2 2
90 3 6
90 4 2
90 5 4
90 6 2
90 7 4
90 8 8
90 9 5
90 10 2
90 11 6
90 12 9
90 13 7
90 14 2
90 15 4
90 16 3
90 17 9
90 18 8
90 19 4
90 20 7
90 21 6
90 22 6
90 23 8
90 24 7
90 25 1
90 26 5
90 27 7
90 28 1
90 29 8
90 30 6
90 31 1
90 32 3
90 33 6
90 34 1
90 35 7
90 36 9
90 37 2
90 38 3
90 39 6
90 40 4
90 41 3
90 42 1
90 43 1
90 44 1
90 45 4
90 46 2
90 47 6
90 48 5
90 49 3
90 50 8
90 51 9
90 52 8
90 53 2
90 54 2
90 55 2
90 56 3
90 57 7
90 58 9
90 59 8
90 60 8
90 61 1
90 62 4
90 63 3
90 64 2
90 65 1
90 66 8
90 67 7
90 68 9
90 69 9
90 70 6
90 71 2
90 72 4
90 73 5
90 74 1
90 75 8
90 76 3
90 77 8
90 78 5
90 79 5
90 80 9
90 81 6
90 82 9
90 83 8
90 84 6
90 85 8
90 86 9
90 87 9
90 88 7
90 89 4
90 90 7
90 91 2
90 92 5
90 93 3
90 94 8
90 95 7
90 96 4
90 97 4
90 98 8
90 99 4
91 0 7
91 1 5
91 2 2
91 3 1
91 4 8
91 5 6
91 6 3
91 7 3
91 8 4
91 9 1
91 10 6
91 11 4
91 12 2
91 13 3
91 14 9
91 15 1
91 16 3
91 17 4
91 18 7
91 19 6
91 20 6
91 21 1
91 22 8
91 23 8
91 24 9
91 25 2
91 26 4
91 27 5
91 28 8
91 29 5
91 30 3
91 31 4
91 32 6
91 33 2
91 34 5
91 35 3
91 36 6
91 37 2
91 38 7
91 39 9
91 40 4
91 41 3
91 42 7
91 43 9
91 44 4
91 45 3
91 46 7
91 47 2
91 48 3
91 49 1
91 50 8
91 51 2
91 52 1
91 53 5
91 54 5
91 55 1
91 56 5
91 57 9
91 58 2
91 59 9
91 60 9
91 61 8
91 62 5
91 63 7
91 64 4
91 65 6
91 66 3
91 67 7
91 68 4
91 69 9
91 70 4
91 71 8
91 72 8
91 73 1
91 74 7
91 75 8
91 76 1
91 77 1
91 78 1
91 79 8
91 80 2
91 81 3
91 82 5
91 83 9
91 84 5
91 85 1
91 86 4
91 87 4
91 88 2
91 89 1
91 90 5
91 91 9
91 92 1
91 93 2
91 94 9
91 95 2
91 96 6
91 97 7
91 98 2
91 99 5
92 0 8
92 1 9
92 2 6
92 3 9
92 4 1
92 5 7
92 6 3
92 7 4
92 8 1
92 9 9
92 10 4
92 11 8
92 12 4
92 13 6
92 14 8
92 15 6
92 16 6
92 17 8
92 18 3
92 19 4
92 20 1
92 21 7
92 22 3
92 23 1
92 24 2
92 25 3
92 26 9
92 27 9
92 28 3
92 29 1
92 30 4
92 31 7
92 32 8
92 33 6
92 34 4
92 35 6
92 36 2
92 37 9
92 38 3
92 39 5
92 40 1
92 41 5
92 42 6
92 43 4
92 44 8
92 45 8
92 46 4
92 47 3
92 48 1
92 49 2
92 50 7
92 51 1
92 52 4
92 53 5
92 54 6
92 55 9
92 56 2
92 57 7
92 58 9
92 59 7
92 60 3
92 61 9
92 62 1
92 63 2
92 64 3
92 65 1
92 66 3
92 67 6
92 68 6
92 69 3
92 70 5
92 71 1
92 72 9
92 73 6
92 74 7
92 75 2
92 76 7
92 77 5
92 78 1
92 79 4
92 80 8
92 81 8
92 82 4
92 83 6
92 84 6
92 85 9
92 86 3
92 87 9
92 88 4
92 89 3
92 90 9
92 91 3
92 92 3
92 93 6
92 94 5
92 95 7
92 96 9
92 97 4
92 98 5
92 99 5
93 0 8
93 1 1
93 2 9
93 3 8
93 4 5
93 5 5
93 6 4
93 7 7
93 8 4
93 9 8
93 10 7
93 11 7
93 12 3
93 13 7
93 14 9
93 15 5
93 16 3
93 17 2
93 18 3
93 19 6
93 20 6
93 21 9
93 22 4
93 23 5
93 24 3
93 25 9
93 26 8
93 27 2
93 28 9
93 29 9
93 30 7
93 31 4
93 32 2
93 33 8
93 34 4
93 35 9
93 36 9
93 37 5
93 38 3
93 39 1
93 40 1
93 41 9
93 42 3
93 43 4
93 44 9
93 45 9
93 46 8
93 47 4
93 48 4
93 49 5
93 50 6
93 51 1
93 52 4
93 53 3
93 54 3
93 55 1
93 56 1
93 57 6
93 58 9
93 59 6
93 60 4
93 61 5
93 62 4
93 63 3
93 64 1
93 65 8
93 66 5
93 67 6
93 68 7
93 69 2
93 70 6
93 71 5
93 72 3
93 73 8
93 74 2
93 75 2
93 76 6
93 77 4
93 78 2
93 79 6
93 80 2
93 81 2
93 82 5
93 83 1
93 84 3
93 85 8
93 86 9
93 87 2
93 88 2
93 89 8
93 90 9
93 91 6
93 92 9
93 93 1
93 94 4
93 95 6
93 96 5
93 97 3
93 98 8
93 99 2
94 0 1
94 1 5
94 2 8
94 3 8
94 4 4
94 5 5
94 6 9
94 7 5
94 8 6
94 9 1
94 10 5
94 11 2
94 12 3
94 13 3
94 14 8
94 15 9
94 16 6
94 17 7
94 18 8
94 19 1
94 20 9
94 21 9
94 22 5
94 23 6
94 24 9
94 25 6
94 26 2
94 27 3
94 28 8
94 29 7
94 30 6
94 31 8
94 32 4
94 33 4
94 34 9
94 35 7
94 36 1
94 37 4
94 38 8
94 39 1
94 40 4
94 41 3
94 42 5
94 43 6
94 44 2
94 45 1
94 46 2
94 47 8
94 48 5
94 49 5
94 50 3
94 51 6
94 52 9
94 53 3
94 54 2
94 55 4
94 56 2
94 57 7
94 58 2
94 59 7
94 60 4
94 61 4
94 62 2
94 63 8
94 64 8
94 65 1
94 66 6
94 67 3
94 68 7
94 69 6
94 70 4
94 71 8
94 72 3
94 73 7
94 74 9
94 75 4
94 76 3
94 77 5
94 78 4
94 79 4
94 80 6
94 81 6
94 82 8
94 83 6
94 84 7
94 85 6
94 86 3
94 87 5
94 88 8
94 89 3
94 90 9
94 91 4
94 92 1
94 93 1
94 94 9
94 95 4
94 96 2
94 97 9
94 98 5
94 99 2
95 0 4
95 1 3
95 2 4
95 3 1
95 4 4
95 5 5
95 6 1
95 7 8
95 8 3
95 9 5
95 10 9
95 11 3
95 12 2
95 13 6
95 14 1
95 15 1
95 16 4
95 17 6
95 18 2
95 19 4
95 20 5
95 21 1
95 22 2
95 23 1
95 24 3
95 25 2
95 26 9
95 27 3
95 28 5
95 29 9
95 30 9
95 31 1
95 32 6
95 33 4
95 34 4
95 35 5
95 36 3
95 37 4
95 38 5
95 39 5
95 40 8
95 41 8
95 42 8
95 43 7
95 44 5
95 45 2
95 46 2
95 47 1
95 48 1
95 49 1
95 50 6
95 51 1
95 52 8
95 53 6
95 54 4
95 55 5
95 56 3
95 57 7
95 58 6
95 59 2
95 60 3
95 61 9
95 62 1
95 63 2
95 64 4
95 65 2
95 66 2
95 67 2
95 68 6
95 69 2
95 70 3
95 71 7
95 72 2
95 73 8
95 74 9
95 75 4
95 76 5
95 77 5
95 78 7
95 79 9
95 80 1
95 81 8
95 82 2
95 83 9
95 84 9
95 85 4
95 86 2
95 87 4
95 88 5
95 89 7
95 90 3
95 91 1
95 92 1
95 93 8
95 94 5
95 95 6
95 96 4
95 97 6
95 98 2
95 99 2
96 0 4
96 1 1
96 2 5
96 3 7
96 4 5
96 5 6
96 6 6
96 7 2
96 8 2
96 9 1
96 10 5
96 11 9
96 12 4
96 13 2
96 14 6
96 15 2
96 16 3
96 17 7
96 18 9
96 19 6
96 20 1
96 21 9
96 22 5
96 23 3
96 24 7
96 25 8
96 26 1
96 27 1
96 28 1
96 29 4
96 30 9
96 31 2
96 32 3
96 33 7
96 34 5
96 35 1
96 36 7
96 37 5
96 38 2
96 39 7
96 40 5
96 41 7
96 42 6
96 43 5
96 44 2
96 45 5
96 46 2
96 47 7
96 48 4
96 49 5
96 50 5
96 51 1
96 52 2
96 53 5
96 54 5
96 55 6
96 56 5
96 57 5
96 58 4
96 59 9
96 60 9
96 61 3
96 62 9
96 63 7
96 64 4
96 65 7
96 66 3
96 67 9
96 68 6
96 69 6
96 70 1
96 71 1
96 72 8
96 73 6
96 74 3
96 75 6
96 76 8
96 77 5
96 78 4
96 79 3
96 80 2
96 81 7
96 82 8
96 83 3
96 84 8
96 85 2
96 86 8
96 87 3
96 88 5
96 89 7
96 90 1
96 91 3
96 92 9
96 93 7
96 94 9
96 95 3
96 96 8
96 97 4
96 98 3
96 99 2
97 0 3
97 1 1
97 2 4
97 3 3
97 4 4
97 5 8
97 6 2
97 7 6
97 8 7
97 9 5
97 10 8
97 11 6
97 12 8
97 13 9
97 14 9
97 15 3
97 16 5
97 17 6
97 18 6
97 19 2
97 20 4
97 21 4
97 22 9
97 23 5
97 24 5
97 25 3
97 26 6
97 27 8
97 28 1
97 29 8
97 30 7
97 31 1
97 32 5
97 33 6
97 34 7
97 35 3
97 36 4
97 37 1
97 38 4
97 39 7
97 40 4
97 41 2
97 42 9
97 43 5
97 44 8
97 45 1
97 46 1
97 47 8
97 48 8
97 49 6
97 50 9
97 51 2
97 52 3
97 53 9
97 54 8
97 55 8
97 56 7
97 57 1
97 58 4
97 59 6
97 60 3
97 61 4
97 62 6
97 63 8
97 64 6
97 65 6
97 66 3
97 67 7
97 68 4
97 69 6
97 70 8
97 71 8
97 72 6
97 73 6
97 74 6
97 75 4
97 76 6
97 77 2
97 78 9
97 79 4
97 80 6
97 81 6
97 82 7
97 83 3
97 84 4
97 85 1
97 86 9
97 87 7
97 88 4
97 89 8
97 90 3
97 91 7
97 92 6
97 93 5
97 94 2
97 95 7
97 96 4
97 97 3
97 98 3
97 99 2
98 0 1
98 1 2
98 2 8
98 3 4
98 4 7
98 5 5
98 6 7
98 7 2
98 8 5
98 9 1
98 10 6
98 11 6
98 12 6
98 13 5
98 14 5
98 15 2
98 16 7
98 17 2
98 18 4
98 19 5
98 20 7
98 21 4
98 22 8
98 23 2
98 24 8
98 25 2
98 26 3
98 27 4
98 28 9
98 29 9
98 30 3
98 31 9
98 32 1
98 33 9
98 34 9
98 35 4
98 36 6
98 37 6
98 38 6
98 39 3
98 40 8
98 41 3
98 42 5
98 43 4
98 44 5
98 45 7
98 46 7
98 47 1
98 48 6
98 49 7
98 50 5
98 51 3
98 52 5
98 53 3
98 54 5
98 55 5
98 56 6
98 57 3
98 58 6
98 59 5
98 60 6
98 61 9
98 62 4
98 63 2
98 64 2
98 65 7
98 66 2
98 67 9
98 68 6
98 69 5
98 70 6
98 71 7
98 72 6
98 73 6
98 74 2
98 75 4
98 76 2
98 77 2
98 78 2
98 79 8
98 80 1
98 81 5
98 82 7
98 83 2
98 84 3
98 85 5
98 86 7
98 87 2
98 88 2
98 89 4
98 90 7
98 91 3
98 92 1
98 93 2
98 94 8
98 95 2
98 96 7
98 97 5
98 98 2
98 99 2
99 0 2
99 1 6
99 2 2
99 3 3
99 4 9
99 5 4
99 6 1
99 7 6
99 8 2
99 9 7
99 10 7
99 11 4
99 12 6
99 13 3
99 14 4
99 15 1
99 16 8
99 17 7
99 18 3
99 19 2
99 20 2
99 21 5
99 22 2
99 23 7
99 24 3
99 25 5
99 26 9
99 27 9
99 28 5
99 29 9
99 30 1
99 31 5
99 32 5
99 33 2
99 34 3
99 35 3
99 36 8
99 37 3
99 38 4
99 39 6
99 40 1
99 41 7
99 42 3
99 43 6
99 44 1
99 45 2
99 46 4
99 47 8
99 48 3
99 49 6
99 50 2
99 51 4
99 52 5
99 53 9
99 54 4
99 55 5
99 56 3
99 57 4
99 58 2
99 59 2
99 60 3
99 61 2
99 62 2
99 63 5
99 64 9
99 65 3
99 66 1
99 67 4
99 68 6
99 69 2
99 70 3
99 71 7
99 72 8
99 73 1
99 74 8
99 75 3
99 76 6
99 77 5
99 78 8
99 79 8
99 80 3
99 81 4
99 82 3
99 83 4
99 84 5
99 85 4
99 86 8
99 87 2
99 88 8
99 89 1
99 90 1
99 91 7
99 92 4
99 93 6
99 94 8
99 95 9
99 96 9
99 97 9
99 98 8
99 99 9
2
8
8
3
6
7
1
7
8
4
7
5
2
5
9
6
2
5
3
3
3
6
5
8
7
8
6
4
4
5
2
8
7
8
9
6
6
2
2
9
8
7
4
5
7
4
6
6
9
4
2
8
6
5
1
6
2
3
8
4
2
6
1
7
5
9
2
1
3
2
5
9
8
8
8
8
6
8
7
5
4
3
6
1
7
6
1
9
2
7
4
8
7
1
1
5
3
5
8
7
